                 39# 40# 0#R 4#W 1#S 2#H 3#T 5#D 6#S 7#G 8#C 9#O 10# 13# 11# 12# 14# 15# 17# 16# 19# 18# 20# 23# 21# 22# 25# 27# 24# 29# 26# 28# 32# 34# 30# 31# 33# 35# 36# 37# 38#
39#BARBAKAN          999100010001000100010001000100010001000100010001000100010001000100010001000100010001000100010001000100010001000100010001000100010001000100010001000100010001000
40#KATAGOMO21.F    0     999 999 999 999 9991000100010001000100010001000100010001000100010001000100010001000100010001000100010001000100010001000100010001000100010001000100010001000
0#RENJUSOLVER.F    0   0     567 639 791 978 993 999 999 999 99910001000100010001000100010001000100010001000100010001000100010001000100010001000100010001000100010001000100010001000
4#WHOSE19          0   0 432     577 743 970 990 999 999 999 99910001000100010001000100010001000100010001000100010001000100010001000100010001000100010001000100010001000100010001000
1#SLOWRENJU20      0   0 360 422     669 949 981 999 999 999 99910001000100010001000100010001000100010001000100010001000100010001000100010001000100010001000100010001000100010001000
2#HEWER18          0   0 208 256 330     891 953 998 999 999 999 9991000100010001000100010001000100010001000100010001000100010001000100010001000100010001000100010001000100010001000
3#TITO14           0   0  21  29  50 108     671 961 986 999 999 999 999100010001000100010001000100010001000100010001000100010001000100010001000100010001000100010001000100010001000
5#DEEPFIRE19       0   0   6   9  18  46 328     910 962 999 999 999 999 99910001000100010001000100010001000100010001000100010001000100010001000100010001000100010001000100010001000
6#SWINE17          0   0   0   0   0   1  38  89     671 999 999 999 999 999 999 999100010001000100010001000100010001000100010001000100010001000100010001000100010001000100010001000
7#GOFIVE           0   0   0   0   0   0  13  37 328     996 999 999 999 999 999 999100010001000100010001000100010001000100010001000100010001000100010001000100010001000100010001000
8#CARBON17         0   0   0   0   0   0   0   0   0   3     793 982 996 999 999 999 99910001000100010001000100010001000100010001000100010001000100010001000100010001000100010001000
9#ONIX16           0   0   0   0   0   0   0   0   0   0 206     896 972 998 999 999 99910001000100010001000100010001000100010001000100010001000100010001000100010001000100010001000
10#EGO21           0   0   0   0   0   0   0   0   0   0  17 103     767 966 998 999 99910001000100010001000100010001000100010001000100010001000100010001000100010001000100010001000
13#KANEC09         0   0   0   0   0   0   0   0   0   0   3  27 232     855 983 992 999 9991000100010001000100010001000100010001000100010001000100010001000100010001000100010001000
11#PELA17          0   0   0   0   0   0   0   0   0   0   0   1  33 144     860 913 999 999 999100010001000100010001000100010001000100010001000100010001000100010001000100010001000
12#GMOTOR11        0   0   0   0   0   0   0   0   0   0   0   0   1  16 139     610 999 999 999100010001000100010001000100010001000100010001000100010001000100010001000100010001000
14#CHIS17          0   0   0   0   0   0   0   0   0   0   0   0   0   7  86 389     997 999 999100010001000100010001000100010001000100010001000100010001000100010001000100010001000
15#ZETOR17         0   0   0   0   0   0   0   0   0   0   0   0   0   0   0   0   2     997 999 99910001000100010001000100010001000100010001000100010001000100010001000100010001000
17#PECUCHET        0   0   0   0   0   0   0   0   0   0   0   0   0   0   0   0   0   2     947 999 999 999 99910001000100010001000100010001000100010001000100010001000100010001000
16#EULRING         0   0   0   0   0   0   0   0   0   0   0   0   0   0   0   0   0   0  52     999 999 999 999 999 999100010001000100010001000100010001000100010001000100010001000
19#JUDE            0   0   0   0   0   0   0   0   0   0   0   0   0   0   0   0   0   0   0   0     728 985 994 999 999 999 9991000100010001000100010001000100010001000100010001000
18#SPARKLE         0   0   0   0   0   0   0   0   0   0   0   0   0   0   0   0   0   0   0   0 271     942 973 999 999 999 9991000100010001000100010001000100010001000100010001000
20#MONKEY          0   0   0   0   0   0   0   0   0   0   0   0   0   0   0   0   0   0   0   0  14  57     622 993 998 999 999 999100010001000100010001000100010001000100010001000
23#PUREGM21        0   0   0   0   0   0   0   0   0   0   0   0   0   0   0   0   0   0   0   0   5  26 377     987 996 999 999 999100010001000100010001000100010001000100010001000
21#QMENTAT6        0   0   0   0   0   0   0   0   0   0   0   0   0   0   0   0   0   0   0   0   0   0   6  12     657 950 951 999 999 999 999 99910001000100010001000100010001000
22#DJALL18         0   0   0   0   0   0   0   0   0   0   0   0   0   0   0   0   0   0   0   0   0   0   1   3 342     895 896 999 999 999 999 999 9991000100010001000100010001000
25#NOESIS          0   0   0   0   0   0   0   0   0   0   0   0   0   0   0   0   0   0   0   0   0   0   0   0  49 104     510 998 999 999 999 999 9991000100010001000100010001000
27#PUSKVOREC       0   0   0   0   0   0   0   0   0   0   0   0   0   0   0   0   0   0   0   0   0   0   0   0  48 103 489     998 999 999 999 999 999 999100010001000100010001000
24#IMRO15          0   0   0   0   0   0   0   0   0   0   0   0   0   0   0   0   0   0   0   0   0   0   0   0   0   0   1   1     989 997 999 999 999 999 99910001000100010001000
29#LICHT           0   0   0   0   0   0   0   0   0   0   0   0   0   0   0   0   0   0   0   0   0   0   0   0   0   0   0   0  10     688 934 933 979 999 999 9991000100010001000
26#FASTGOMOKU14    0   0   0   0   0   0   0   0   0   0   0   0   0   0   0   0   0   0   0   0   0   0   0   0   0   0   0   0   2 311     850 850 943 997 999 9991000100010001000
28#PISQ7           0   0   0   0   0   0   0   0   0   0   0   0   0   0   0   0   0   0   0   0   0   0   0   0   0   0   0   0   0  65 149     507 713 957 995 999 999100010001000
32#FIVEROW         0   0   0   0   0   0   0   0   0   0   0   0   0   0   0   0   0   0   0   0   0   0   0   0   0   0   0   0   0  66 149 492     705 954 994 999 999100010001000
34#STAHLFAUST      0   0   0   0   0   0   0   0   0   0   0   0   0   0   0   0   0   0   0   0   0   0   0   0   0   0   0   0   0  20  56 286 294     876 978 999 999100010001000
30#LIGHTBLUE       0   0   0   0   0   0   0   0   0   0   0   0   0   0   0   0   0   0   0   0   0   0   0   0   0   0   0   0   0   0   2  42  45 123     809 999 999100010001000
31#VALKYRIE        0   0   0   0   0   0   0   0   0   0   0   0   0   0   0   0   0   0   0   0   0   0   0   0   0   0   0   0   0   0   0   4   5  21 190     999 999 99910001000
33#CRUSHER         0   0   0   0   0   0   0   0   0   0   0   0   0   0   0   0   0   0   0   0   0   0   0   0   0   0   0   0   0   0   0   0   0   0   0   0     974 999 999 999
35#PROLOG          0   0   0   0   0   0   0   0   0   0   0   0   0   0   0   0   0   0   0   0   0   0   0   0   0   0   0   0   0   0   0   0   0   0   0   0  25     999 999 999
36#AIBB            0   0   0   0   0   0   0   0   0   0   0   0   0   0   0   0   0   0   0   0   0   0   0   0   0   0   0   0   0   0   0   0   0   0   0   0   0   0     999 999
37#MUSHROOM        0   0   0   0   0   0   0   0   0   0   0   0   0   0   0   0   0   0   0   0   0   0   0   0   0   0   0   0   0   0   0   0   0   0   0   0   0   0   0     912
38#WHATATEAM       0   0   0   0   0   0   0   0   0   0   0   0   0   0   0   0   0   0   0   0   0   0   0   0   0   0   0   0   0   0   0   0   0   0   0   0   0   0   0  87    
