                    8#K 9#R 0#E 3#A 2#P 1#Y 4#X 5#R 7#T 6#W 10# 11#
8#KATAGOMO21.S          902 920 995 999 999100010001000100010001000
9#RAPFI21            97     548 910 999 999100010001000100010001000
0#EMBRYO21.S         79 451     889 999 999100010001000100010001000
3#ALPHAGOMOKU.MK21    4  89 110     999 999100010001000100010001000
2#PENTAZEN21.15       0   0   0   0     965 99910001000100010001000
1#YIXIN18             0   0   0   0  34     999 999 999 99910001000
4#XOXO21.S            0   0   0   0   0   0     705 917 948 981 997
5#RENJUSOLVER.S       0   0   0   0   0   0 294     805 865 939 986
7#TITO14              0   0   0   0   0   0  82 194     593 753 912
6#WHOSE19             0   0   0   0   0   0  51 134 406     675 872
10#HEWER18            0   0   0   0   0   0  18  60 246 324     753
11#SLOWRENJU20        0   0   0   0   0   0   2  13  87 127 246    
