(0, 1, 0)	1	0	61580	53720	10	9
(1, 0, 0)	2	0	393673	570958	27	27
(0, 2, 0)	1	0	253265	699725	24	23
(2, 0, 0)	2	0	906916	710296	42	42
(0, 3, 0)	1	0	95329	170551	17	16
(3, 0, 0)	1	0	551777	702453	34	33
(0, 4, 0)	1	0	284793	458303	24	23
(4, 0, 0)	2	0	401047	326401	23	23
(0, 5, 0)	1	0	134709	172277	16	15
(5, 0, 0)	2	0	388072	679671	31	31
(0, 6, 0)	1	0	91584	209238	14	13
(6, 0, 0)	2	0	30260	584	10	10
(0, 7, 0)	1	0	138064	109226	22	21
(7, 0, 0)	2	0	202301	334091	24	24
(0, 8, 0)	1	0	64099	349742	7	6
(8, 0, 0)	1	0	722414	829475	38	37
(0, 9, 0)	1	0	452261	671679	32	31
(9, 0, 0)	1	0	423578	807633	42	41
(0, 10, 0)	1	0	84883	144419	17	16
(10, 0, 0)	2	0	264822	124044	16	16
(0, 11, 0)	1	0	53090	197392	10	9
(11, 0, 0)	2	0	204424	64253	15	15
(1, 2, 0)	2	0	305958	564284	23	23
(2, 1, 0)	1	0	788163	469714	35	34
(1, 3, 0)	2	0	633821	704744	42	42
(3, 1, 0)	1	0	657102	723236	35	34
(1, 4, 0)	1	0	127163	374831	21	20
(4, 1, 0)	0	0	975593	993326	108	107
(1, 5, 0)	1	0	141569	163147	15	14
(5, 1, 0)	2	0	307560	468642	33	33
(1, 6, 0)	1	0	85890	210236	18	17
(6, 1, 0)	2	0	30665	1408	11	11
(1, 7, 0)	1	0	524751	304951	29	28
(7, 1, 0)	1	0	29322	65688	11	10
(1, 8, 0)	2	0	850252	836702	47	47
(8, 1, 0)	1	0	733375	686191	39	38
(1, 9, 0)	1	0	85328	117106	19	18
(9, 1, 0)	1	0	71011	57042	14	13
(1, 10, 0)	1	0	61364	145253	20	19
(10, 1, 0)	2	0	407261	353622	28	28
(1, 11, 0)	1	0	55262	215465	12	11
(11, 1, 0)	2	0	309765	42425	12	12
(2, 3, 0)	1	0	617186	535394	28	27
(3, 2, 0)	2	0	586178	768078	31	31
(2, 4, 0)	1	0	574592	347361	17	16
(4, 2, 0)	2	0	328500	524370	18	18
(2, 5, 0)	1	0	812013	346593	33	32
(5, 2, 0)	2	0	181631	484656	20	20
(2, 6, 0)	1	0	540804	455814	25	24
(6, 2, 0)	2	0	32903	498	10	10
(2, 7, 0)	1	0	546386	136041	23	22
(7, 2, 0)	0	0	991820	990809	108	107
(2, 8, 0)	2	0	854149	793081	39	39
(8, 2, 0)	1	0	743033	921829	43	42
(2, 9, 0)	0	0	991190	904849	108	107
(9, 2, 0)	1	0	451768	870588	40	39
(2, 10, 0)	1	0	722565	379181	28	27
(10, 2, 0)	2	0	582542	928483	42	42
(2, 11, 0)	1	0	491131	464772	19	18
(11, 2, 0)	2	0	165470	188906	14	14
(3, 4, 0)	1	0	408154	463956	29	28
(4, 3, 0)	2	0	238359	227777	15	15
(3, 5, 0)	1	0	431460	234505	28	27
(5, 3, 0)	2	0	385608	570582	35	35
(3, 6, 0)	1	0	477561	563247	35	34
(6, 3, 0)	2	0	30743	13771	13	13
(3, 7, 0)	1	0	496012	421130	34	33
(7, 3, 0)	2	0	89844	269971	21	21
(3, 8, 0)	0	0	970508	952725	108	107
(8, 3, 0)	1	0	653704	559849	29	28
(3, 9, 0)	0	0	968872	899822	108	107
(9, 3, 0)	1	0	384872	459277	28	27
(3, 10, 0)	1	0	496008	472386	30	29
(10, 3, 0)	2	0	522828	561833	38	38
(3, 11, 0)	1	0	410455	566340	22	21
(11, 3, 0)	2	0	209665	185766	17	17
(4, 5, 0)	1	0	452382	246663	22	21
(5, 4, 0)	1	0	131405	322177	24	23
(4, 6, 0)	2	0	259047	251036	18	18
(6, 4, 0)	2	0	29146	19087	10	10
(4, 7, 0)	1	0	473902	133847	28	27
(7, 4, 0)	1	0	81453	449432	23	22
(4, 8, 0)	1	0	440266	589109	16	15
(8, 4, 0)	1	0	625575	527622	27	26
(4, 9, 0)	2	0	740362	669557	46	46
(9, 4, 0)	1	0	313517	476230	24	23
(4, 10, 0)	2	0	368847	279595	23	23
(10, 4, 0)	1	0	464855	497998	29	28
(4, 11, 0)	1	0	597700	606297	26	25
(11, 4, 0)	2	0	342974	212609	15	15
(5, 6, 0)	1	0	198018	447135	24	23
(6, 5, 0)	2	0	28343	670	10	10
(5, 7, 0)	2	0	138252	65612	13	13
(7, 5, 0)	1	0	54033	189611	20	19
(5, 8, 0)	2	0	181639	610286	17	17
(8, 5, 0)	1	0	787517	531573	45	44
(5, 9, 0)	1	0	290781	627123	36	35
(9, 5, 0)	1	0	212351	161724	17	16
(5, 10, 0)	1	0	210950	373115	25	24
(10, 5, 0)	1	0	372650	281374	28	27
(5, 11, 0)	1	0	166024	463695	16	15
(11, 5, 0)	2	0	310374	38833	12	12
(6, 7, 0)	2	0	29183	208	10	10
(7, 6, 0)	1	0	49393	202981	14	13
(6, 8, 0)	2	0	32422	401775	10	10
(8, 6, 0)	1	0	666786	469713	29	28
(6, 9, 0)	2	0	29740	982	10	10
(9, 6, 0)	1	0	116394	207198	17	16
(6, 10, 0)	2	0	32206	6546	10	10
(10, 6, 0)	2	0	349505	427531	22	22
(6, 11, 0)	2	0	29005	20583	11	11
(11, 6, 0)	2	0	308637	235586	12	12
(7, 8, 0)	2	0	79906	634080	22	22
(8, 7, 0)	1	0	761407	281720	42	41
(7, 9, 0)	2	0	610408	697339	47	47
(9, 7, 0)	1	0	142857	108402	25	24
(7, 10, 0)	2	0	328270	418325	32	32
(10, 7, 0)	2	0	629270	372666	42	42
(7, 11, 0)	1	0	100327	440417	21	20
(11, 7, 0)	1	0	559834	190023	29	28
(8, 9, 0)	1	0	781421	838554	43	42
(9, 8, 0)	1	0	72227	505093	12	11
(8, 10, 0)	1	0	715204	558038	39	38
(10, 8, 0)	2	0	598058	813550	48	48
(8, 11, 0)	1	0	676783	851434	30	29
(11, 8, 0)	2	0	220033	554665	16	16
(9, 10, 0)	1	0	103597	131644	20	19
(10, 9, 0)	2	0	400304	207716	30	30
(9, 11, 0)	1	0	102858	228287	14	13
(11, 9, 0)	2	0	307853	76387	12	12
(10, 11, 0)	1	0	277038	372178	17	16
(11, 10, 0)	2	0	192840	118595	15	15
(0, 1, 1)	1	0	727620	652128	36	35
(1, 0, 1)	2	0	309744	42370	14	14
(0, 2, 1)	1	0	661403	890815	38	37
(2, 0, 1)	1	0	956852	901636	57	56
(0, 3, 1)	2	0	809885	554372	36	36
(3, 0, 1)	2	0	272738	109270	16	16
(0, 4, 1)	1	0	243944	259018	20	19
(4, 0, 1)	2	0	523403	281255	23	23
(0, 5, 1)	1	0	56786	113057	12	11
(5, 0, 1)	2	0	104550	37945	11	11
(0, 6, 1)	1	0	749429	766100	44	43
(6, 0, 1)	2	0	227599	38399	14	14
(0, 7, 1)	1	0	467377	118912	30	29
(7, 0, 1)	2	0	372679	334457	24	24
(0, 8, 1)	2	0	612657	616496	27	27
(8, 0, 1)	1	0	883224	925697	61	60
(0, 9, 1)	2	0	440442	286196	25	25
(9, 0, 1)	2	0	669466	346641	28	28
(0, 10, 1)	1	0	424796	501810	29	28
(10, 0, 1)	2	0	556703	355157	32	32
(0, 11, 1)	1	0	127068	449624	21	20
(11, 0, 1)	2	0	337107	123141	12	12
(1, 2, 1)	2	0	190493	102706	10	10
(2, 1, 1)	2	0	680850	361199	23	23
(1, 3, 1)	2	0	190186	112643	11	11
(3, 1, 1)	0	0	966789	992140	110	110
(1, 4, 1)	2	0	211771	127484	9	9
(4, 1, 1)	2	0	431334	280942	24	24
(1, 5, 1)	2	0	263064	108738	14	14
(5, 1, 1)	2	0	107560	56864	10	10
(1, 6, 1)	2	0	282002	88717	13	13
(6, 1, 1)	2	0	94157	37127	13	13
(1, 7, 1)	2	0	209211	27640	11	11
(7, 1, 1)	2	0	60568	131887	14	14
(1, 8, 1)	2	0	219353	385968	13	13
(8, 1, 1)	1	0	819196	686086	43	42
(1, 9, 1)	2	0	276136	61163	15	15
(9, 1, 1)	2	0	371712	307491	22	22
(1, 10, 1)	2	0	181309	45475	10	10
(10, 1, 1)	2	0	284903	142357	24	24
(1, 11, 1)	2	0	187999	157813	11	11
(11, 1, 1)	2	0	347257	167455	14	14
(2, 3, 1)	2	0	761577	448003	28	28
(3, 2, 1)	1	0	774740	987917	66	65
(2, 4, 1)	2	0	657828	371773	25	25
(4, 2, 1)	2	0	489017	763225	24	24
(2, 5, 1)	1	0	228012	107879	11	10
(5, 2, 1)	2	0	123503	142555	15	15
(2, 6, 1)	1	0	485686	342050	19	18
(6, 2, 1)	2	0	377666	559311	23	23
(2, 7, 1)	1	0	875953	779681	35	34
(7, 2, 1)	2	4	242814	849606	19	19
(2, 8, 1)	2	0	907127	725957	40	40
(8, 2, 1)	1	0	800209	975147	48	47
(2, 9, 1)	2	0	914887	484299	36	36
(9, 2, 1)	2	0	243653	302966	19	19
(2, 10, 1)	1	0	465935	234849	21	20
(10, 2, 1)	2	0	300631	563419	24	24
(2, 11, 1)	1	0	219511	165373	16	15
(11, 2, 1)	2	0	341857	177220	12	12
(3, 4, 1)	2	0	341754	280444	18	18
(4, 3, 1)	2	0	418793	454365	25	25
(3, 5, 1)	1	0	183496	132407	12	11
(5, 3, 1)	2	0	135661	149726	16	16
(3, 6, 1)	1	0	603405	647867	36	35
(6, 3, 1)	2	0	118565	147837	11	11
(3, 7, 1)	1	0	633691	608330	42	41
(7, 3, 1)	2	0	347258	332247	26	26
(3, 8, 1)	2	0	273826	579852	17	17
(8, 3, 1)	2	0	589316	246593	15	15
(3, 9, 1)	2	0	554004	715933	38	38
(9, 3, 1)	1	0	595413	634983	36	35
(3, 10, 1)	1	0	453869	478024	34	33
(10, 3, 1)	2	0	381452	454579	24	24
(3, 11, 1)	1	0	152075	190214	16	15
(11, 3, 1)	2	0	596330	332220	22	22
(4, 5, 1)	1	0	117884	111901	11	10
(5, 4, 1)	2	0	123596	63767	11	11
(4, 6, 1)	1	0	269318	315931	18	17
(6, 4, 1)	2	0	116472	87658	11	11
(4, 7, 1)	2	0	282713	78305	22	22
(7, 4, 1)	2	0	55643	160914	13	13
(4, 8, 1)	2	0	504995	707112	29	29
(8, 4, 1)	1	0	633757	371231	26	25
(4, 9, 1)	2	0	436247	352278	24	24
(9, 4, 1)	1	0	418666	580374	33	32
(4, 10, 1)	1	0	289724	233287	17	16
(10, 4, 1)	2	0	486719	587500	28	28
(4, 11, 1)	1	0	365939	416908	20	19
(11, 4, 1)	2	0	370939	217156	13	13
(5, 6, 1)	2	0	123210	70871	17	17
(6, 5, 1)	1	0	198941	101836	11	10
(5, 7, 1)	2	0	129131	21652	14	14
(7, 5, 1)	2	0	121102	202267	22	22
(5, 8, 1)	2	0	171203	406235	12	12
(8, 5, 1)	1	0	505821	134649	12	11
(5, 9, 1)	2	0	134514	35205	13	13
(9, 5, 1)	1	0	487543	387775	32	31
(5, 10, 1)	2	0	123456	32236	11	11
(10, 5, 1)	1	0	653942	442497	49	48
(5, 11, 1)	2	0	134492	118227	13	13
(11, 5, 1)	1	0	304746	149290	15	14
(6, 7, 1)	2	0	116983	27347	12	12
(7, 6, 1)	2	0	221958	541648	28	28
(6, 8, 1)	2	0	183580	454433	17	17
(8, 6, 1)	1	0	755770	681330	38	37
(6, 9, 1)	2	0	89994	43346	17	17
(9, 6, 1)	1	0	421794	646977	37	36
(6, 10, 1)	2	0	116097	39544	12	12
(10, 6, 1)	2	0	292790	278252	17	17
(6, 11, 1)	2	0	115838	135724	13	13
(11, 6, 1)	2	0	498834	210876	15	15
(7, 8, 1)	2	0	201015	555366	25	25
(8, 7, 1)	1	0	554748	49847	16	15
(7, 9, 1)	2	0	208585	338996	25	25
(9, 7, 1)	1	0	480009	318652	29	28
(7, 10, 1)	2	0	172537	177979	22	22
(10, 7, 1)	2	0	267369	70087	21	21
(7, 11, 1)	1	0	46002	240719	20	19
(11, 7, 1)	2	0	338656	99007	13	13
(8, 9, 1)	2	0	665294	366699	20	20
(9, 8, 1)	2	0	777358	797005	40	40
(8, 10, 1)	1	0	572137	250107	18	17
(10, 8, 1)	2	0	357900	605008	23	23
(8, 11, 1)	1	0	628329	273107	20	19
(11, 8, 1)	2	0	641201	621862	26	26
(9, 10, 1)	1	0	159701	244302	20	19
(10, 9, 1)	2	0	379378	296650	25	25
(9, 11, 1)	1	0	667263	749214	31	30
(11, 9, 1)	2	0	523377	300978	16	16
(10, 11, 1)	2	0	371821	533647	27	27
(11, 10, 1)	2	0	341168	113249	10	10
(0, 1, 2)	1	0	767013	838417	46	45
(1, 0, 2)	2	0	287477	260086	20	20
(0, 2, 2)	2	0	186847	349685	20	20
(2, 0, 2)	2	0	898781	414346	30	30
(0, 3, 2)	2	0	507903	613015	35	35
(3, 0, 2)	2	0	335553	240060	20	20
(0, 4, 2)	2	0	186264	304654	21	21
(4, 0, 2)	2	0	353780	263326	14	14
(0, 5, 2)	2	0	188182	68176	17	17
(5, 0, 2)	2	0	175182	148318	14	14
(0, 6, 2)	1	0	338672	402512	24	23
(6, 0, 2)	2	0	518901	225589	23	23
(0, 7, 2)	1	0	207954	34565	21	20
(7, 0, 2)	2	0	76345	224273	20	20
(0, 8, 2)	2	0	903682	822295	51	51
(8, 0, 2)	2	0	665130	384250	20	20
(0, 9, 2)	2	0	186240	201059	21	21
(9, 0, 2)	2	0	539928	483063	30	30
(0, 10, 2)	1	0	180116	229398	19	18
(10, 0, 2)	2	0	203672	211128	19	19
(0, 11, 2)	1	0	156785	352032	15	14
(11, 0, 2)	2	0	640777	213876	23	23
(1, 2, 2)	2	0	624041	876948	29	29
(2, 1, 2)	2	0	957887	579180	44	44
(1, 3, 2)	2	0	614464	660930	31	31
(3, 1, 2)	2	0	485636	279480	31	31
(1, 4, 2)	1	0	248381	354020	20	19
(4, 1, 2)	2	0	371013	243828	20	20
(1, 5, 2)	0	0	997027	793376	108	108
(5, 1, 2)	2	0	179087	114438	17	17
(1, 6, 2)	1	0	589687	669814	36	35
(6, 1, 2)	2	0	667900	364475	34	34
(1, 7, 2)	1	0	628730	418672	36	35
(7, 1, 2)	2	0	188249	333366	28	28
(1, 8, 2)	2	0	418892	720381	27	27
(8, 1, 2)	1	0	584812	121250	19	18
(1, 9, 2)	2	0	378132	409137	25	25
(9, 1, 2)	1	0	489197	345458	28	27
(1, 10, 2)	1	0	385920	450092	35	34
(10, 1, 2)	2	0	203399	231345	25	25
(1, 11, 2)	1	0	455013	762148	31	30
(11, 1, 2)	2	0	495884	450496	23	23
(2, 3, 2)	0	0	991112	970673	108	108
(3, 2, 2)	1	0	610461	937581	45	44
(2, 4, 2)	1	0	674523	425625	26	25
(4, 2, 2)	2	0	492756	666936	26	26
(2, 5, 2)	1	0	696222	269306	23	22
(5, 2, 2)	2	0	186047	319318	15	15
(2, 6, 2)	1	0	374738	188809	15	14
(6, 2, 2)	2	0	640479	793520	28	28
(2, 7, 2)	1	0	908141	438805	39	38
(7, 2, 2)	2	0	114387	785900	32	32
(2, 8, 2)	2	0	926215	775209	38	38
(8, 2, 2)	1	0	761239	963947	45	44
(2, 9, 2)	2	0	940133	519812	43	43
(9, 2, 2)	1	0	437614	937612	41	40
(2, 10, 2)	1	0	615335	294235	26	25
(10, 2, 2)	2	0	298275	623943	20	20
(2, 11, 2)	1	0	946197	902600	47	46
(11, 2, 2)	2	0	675586	872693	31	31
(3, 4, 2)	1	0	496096	559463	36	35
(4, 3, 2)	2	0	481610	423561	21	21
(3, 5, 2)	1	0	252169	123828	17	16
(5, 3, 2)	2	0	206865	335639	16	16
(3, 6, 2)	1	0	115747	121933	13	12
(6, 3, 2)	2	0	701477	553884	35	35
(3, 7, 2)	1	0	553145	595993	39	38
(7, 3, 2)	2	0	206060	453877	28	28
(3, 8, 2)	1	0	117955	505055	12	11
(8, 3, 2)	1	0	697991	431969	25	24
(3, 9, 2)	1	0	619468	794556	40	39
(9, 3, 2)	2	0	833658	648205	48	48
(3, 10, 2)	1	0	314961	380881	19	18
(10, 3, 2)	2	0	646385	619125	47	47
(3, 11, 2)	1	0	116113	152326	17	16
(11, 3, 2)	2	0	470324	397610	24	24
(4, 5, 2)	2	0	476549	248677	19	19
(5, 4, 2)	2	0	176035	300024	16	16
(4, 6, 2)	2	0	428362	440132	28	28
(6, 4, 2)	1	0	895012	816433	53	52
(4, 7, 2)	2	0	464387	156538	22	22
(7, 4, 2)	2	0	290693	670703	36	36
(4, 8, 2)	2	0	494073	633930	25	25
(8, 4, 2)	2	0	652161	440856	19	19
(4, 9, 2)	2	0	550310	349342	32	32
(9, 4, 2)	1	0	408558	415144	21	20
(4, 10, 2)	2	0	353705	339801	20	20
(10, 4, 2)	0	0	916302	963420	108	108
(4, 11, 2)	2	0	448840	477349	16	16
(11, 4, 2)	1	0	473162	539368	30	29
(5, 6, 2)	2	0	149861	247008	14	14
(6, 5, 2)	2	0	612145	244913	30	30
(5, 7, 2)	2	0	190227	73748	18	18
(7, 5, 2)	2	0	201657	302346	36	36
(5, 8, 2)	2	0	208071	563574	17	17
(8, 5, 2)	0	0	954199	758032	108	108
(5, 9, 2)	2	0	150381	117659	14	14
(9, 5, 2)	1	0	717579	409328	38	37
(5, 10, 2)	2	0	222715	209394	18	18
(10, 5, 2)	2	0	584587	308079	44	44
(5, 11, 2)	2	0	180077	276434	17	17
(11, 5, 2)	2	0	531523	201267	21	21
(6, 7, 2)	2	0	511548	139069	25	25
(7, 6, 2)	0	0	996450	999662	108	108
(6, 8, 2)	2	0	479736	692911	25	25
(8, 6, 2)	1	0	672391	375515	24	23
(6, 9, 2)	2	0	414205	260747	23	23
(9, 6, 2)	1	0	438163	551362	26	25
(6, 10, 2)	2	0	516205	346218	28	28
(10, 6, 2)	1	0	122035	185810	15	14
(6, 11, 2)	1	0	190969	254500	16	15
(11, 6, 2)	0	0	991241	998967	108	108
(7, 8, 2)	2	0	417417	701114	37	37
(8, 7, 2)	1	0	735548	590676	33	32
(7, 9, 2)	2	0	578421	581602	41	41
(9, 7, 2)	1	0	483877	228365	33	32
(7, 10, 2)	1	0	85437	295275	26	25
(10, 7, 2)	1	0	186218	62165	14	13
(7, 11, 2)	2	0	100487	534754	22	22
(11, 7, 2)	1	0	632778	174202	25	24
(8, 9, 2)	2	0	848086	692708	46	46
(9, 8, 2)	1	0	186701	571017	15	14
(8, 10, 2)	1	0	668006	455492	22	21
(10, 8, 2)	2	0	495708	664008	34	34
(8, 11, 2)	1	0	745639	824709	37	36
(11, 8, 2)	2	0	680938	657059	25	25
(9, 10, 2)	1	0	241879	298159	27	26
(10, 9, 2)	2	0	334855	335060	25	25
(9, 11, 2)	1	0	556589	782205	31	30
(11, 9, 2)	2	0	473080	354864	23	23
(10, 11, 2)	2	0	534487	733516	35	35
(11, 10, 2)	0	0	995048	907408	108	108
(0, 1, 3)	1	0	876036	706338	55	54
(1, 0, 3)	0	0	987953	979610	110	109
(0, 2, 3)	0	0	984984	991157	110	109
(2, 0, 3)	0	0	990952	982476	110	109
(0, 3, 3)	0	0	980889	972712	110	109
(3, 0, 3)	2	0	538757	430972	37	37
(0, 4, 3)	1	0	233047	338890	15	14
(4, 0, 3)	2	0	637472	528793	37	37
(0, 5, 3)	1	0	35583	66466	10	9
(5, 0, 3)	2	0	63828	1513	9	9
(0, 6, 3)	1	0	272794	326074	24	23
(6, 0, 3)	2	0	557341	375164	30	30
(0, 7, 3)	1	0	177028	28341	19	18
(7, 0, 3)	2	0	33107	123839	24	24
(0, 8, 3)	0	0	978943	954696	110	109
(8, 0, 3)	0	0	955957	980690	110	109
(0, 9, 3)	1	0	687080	759023	42	41
(9, 0, 3)	2	0	734084	522115	38	38
(0, 10, 3)	1	0	493062	541395	36	35
(10, 0, 3)	2	0	436556	265753	29	29
(0, 11, 3)	1	0	609117	871640	40	39
(11, 0, 3)	2	0	387204	166596	13	13
(1, 2, 3)	1	0	410985	728392	32	31
(2, 1, 3)	2	0	912473	425969	44	44
(1, 3, 3)	0	0	994741	972731	110	109
(3, 1, 3)	0	0	971494	989107	110	109
(1, 4, 3)	1	0	547657	680148	44	43
(4, 1, 3)	2	0	533970	305680	32	32
(1, 5, 3)	1	0	48874	64017	11	10
(5, 1, 3)	2	0	63936	9853	9	9
(1, 6, 3)	0	0	981391	1000642	110	109
(6, 1, 3)	1	0	141289	155132	15	14
(1, 7, 3)	1	0	547857	969789	47	46
(7, 1, 3)	2	0	31201	204722	25	25
(1, 8, 3)	2	0	607785	773017	36	36
(8, 1, 3)	1	0	774351	661756	40	39
(1, 9, 3)	2	0	823008	612833	50	50
(9, 1, 3)	1	0	657347	771598	36	35
(1, 10, 3)	1	0	229023	245977	20	19
(10, 1, 3)	2	0	321515	172222	25	25
(1, 11, 3)	1	0	344526	506357	27	26
(11, 1, 3)	2	0	496105	178833	18	18
(2, 3, 3)	2	0	841824	465911	31	31
(3, 2, 3)	2	0	341959	306909	22	22
(2, 4, 3)	1	0	690902	432628	26	25
(4, 2, 3)	2	0	565707	702107	32	32
(2, 5, 3)	1	0	103189	66835	10	9
(5, 2, 3)	2	0	77727	3047	10	10
(2, 6, 3)	1	0	427162	195637	18	17
(6, 2, 3)	2	0	390978	541656	22	22
(2, 7, 3)	1	0	125487	13382	16	15
(7, 2, 3)	2	0	46245	493232	23	23
(2, 8, 3)	1	0	747895	700563	24	23
(8, 2, 3)	1	0	860090	957352	52	51
(2, 9, 3)	1	0	882712	666529	38	37
(9, 2, 3)	1	0	564047	943257	45	44
(2, 10, 3)	1	0	863480	588312	35	34
(10, 2, 3)	2	0	327868	549128	25	25
(2, 11, 3)	1	0	441476	251119	14	13
(11, 2, 3)	2	0	824070	878379	32	32
(3, 4, 3)	1	0	332174	340981	16	15
(4, 3, 3)	2	0	550195	475285	30	30
(3, 5, 3)	1	0	138058	66767	10	9
(5, 3, 3)	2	0	115266	187128	16	16
(3, 6, 3)	1	0	395039	313907	25	24
(6, 3, 3)	2	0	344406	332379	22	22
(3, 7, 3)	1	0	642382	291401	42	41
(7, 3, 3)	2	0	35138	304384	26	26
(3, 8, 3)	2	0	561679	773985	34	34
(8, 3, 3)	1	0	587460	277739	17	16
(3, 9, 3)	2	0	515692	469139	27	27
(9, 3, 3)	1	0	541666	594301	42	41
(3, 10, 3)	1	0	726617	634749	58	57
(10, 3, 3)	2	0	461165	476751	34	34
(3, 11, 3)	1	0	456451	541989	21	20
(11, 3, 3)	2	0	412416	265077	20	20
(4, 5, 3)	1	0	81008	64908	11	10
(5, 4, 3)	2	0	60499	25036	9	9
(4, 6, 3)	1	0	263396	270527	17	16
(6, 4, 3)	1	0	521360	591206	31	30
(4, 7, 3)	1	0	260749	51234	16	15
(7, 4, 3)	2	0	37299	301284	24	24
(4, 8, 3)	2	0	630927	765979	31	31
(8, 4, 3)	1	0	589033	350015	15	14
(4, 9, 3)	2	0	655069	617399	41	41
(9, 4, 3)	1	0	240729	485735	26	25
(4, 10, 3)	1	0	522839	377327	29	28
(10, 4, 3)	1	0	197730	225611	17	16
(4, 11, 3)	0	0	977708	989469	110	109
(11, 4, 3)	0	0	996137	974239	110	109
(5, 6, 3)	2	0	64317	53410	9	9
(6, 5, 3)	1	0	152396	130980	13	12
(5, 7, 3)	2	0	75075	6243	10	10
(7, 5, 3)	1	0	22211	66848	10	9
(5, 8, 3)	2	0	104854	420244	12	12
(8, 5, 3)	2	0	570679	59475	14	14
(5, 9, 3)	2	0	64530	2046	9	9
(9, 5, 3)	1	0	36008	66118	10	9
(5, 10, 3)	1	0	70381	22988	14	13
(10, 5, 3)	1	0	53394	54774	11	10
(5, 11, 3)	2	0	58383	40472	9	9
(11, 5, 3)	2	0	556215	219372	21	21
(6, 7, 3)	2	0	271482	200476	18	18
(7, 6, 3)	2	0	28101	273831	25	25
(6, 8, 3)	2	0	396566	603441	20	20
(8, 6, 3)	1	0	764561	655400	38	37
(6, 9, 3)	2	0	374269	327729	26	26
(9, 6, 3)	1	0	440885	525194	35	34
(6, 10, 3)	2	0	622227	406250	37	37
(10, 6, 3)	1	0	206476	214081	17	16
(6, 11, 3)	0	0	998621	995816	110	109
(11, 6, 3)	2	0	489223	335983	20	20
(7, 8, 3)	2	0	37049	609460	25	25
(8, 7, 3)	1	0	723631	256941	35	34
(7, 9, 3)	2	0	32386	124248	26	26
(9, 7, 3)	1	0	46503	10144	12	11
(7, 10, 3)	2	0	49872	224495	25	25
(10, 7, 3)	1	0	98755	12270	12	11
(7, 11, 3)	2	0	28820	286018	25	25
(11, 7, 3)	1	0	869554	838179	48	47
(8, 9, 3)	0	0	956736	934851	110	109
(9, 8, 3)	0	0	947874	955518	110	109
(8, 10, 3)	1	0	725755	509721	37	36
(10, 8, 3)	1	0	101490	479442	11	10
(8, 11, 3)	1	0	769779	611886	38	37
(11, 8, 3)	2	0	770192	679049	25	25
(9, 10, 3)	1	0	299147	276644	20	19
(10, 9, 3)	2	0	407367	338805	26	26
(9, 11, 3)	1	0	456514	731455	30	29
(11, 9, 3)	2	0	739645	405946	29	29
(10, 11, 3)	1	0	200860	425969	17	16
(11, 10, 3)	2	0	645908	378937	27	27
(0, 1, 4)	1	0	318627	459191	24	23
(1, 0, 4)	2	0	571800	495179	33	33
(0, 2, 4)	1	0	320626	806705	35	34
(2, 0, 4)	0	0	991160	983151	109	109
(0, 3, 4)	1	0	764631	718491	42	41
(3, 0, 4)	2	0	450989	280996	25	25
(0, 4, 4)	1	0	243631	369002	23	22
(4, 0, 4)	2	0	502528	235076	25	25
(0, 5, 4)	1	0	58643	99478	12	11
(5, 0, 4)	2	0	145717	124472	15	15
(0, 6, 4)	1	0	221587	328331	20	19
(6, 0, 4)	2	0	522460	196273	23	23
(0, 7, 4)	1	0	317909	89377	38	37
(7, 0, 4)	2	0	83629	206462	24	24
(0, 8, 4)	2	0	926093	816301	52	52
(8, 0, 4)	2	0	711287	316066	24	24
(0, 9, 4)	1	0	249075	375987	26	25
(9, 0, 4)	0	0	862119	980738	109	109
(0, 10, 4)	1	0	518919	519464	39	38
(10, 0, 4)	2	0	540858	300777	30	30
(0, 11, 4)	1	0	466812	668403	28	27
(11, 0, 4)	2	0	631089	389857	28	28
(1, 2, 4)	2	0	737074	964348	38	38
(2, 1, 4)	1	0	595309	227877	18	17
(1, 3, 4)	1	0	466097	524522	27	26
(3, 1, 4)	0	0	970288	988913	109	109
(1, 4, 4)	1	0	262253	375407	24	23
(4, 1, 4)	2	0	506845	466606	29	29
(1, 5, 4)	1	0	80915	102388	12	11
(5, 1, 4)	2	0	159735	120122	17	17
(1, 6, 4)	1	0	419821	485589	25	24
(6, 1, 4)	2	0	284412	152021	19	19
(1, 7, 4)	1	0	382823	147091	28	27
(7, 1, 4)	2	0	116188	378358	26	26
(1, 8, 4)	2	0	654404	678916	31	31
(8, 1, 4)	0	0	954361	995194	109	109
(1, 9, 4)	2	0	771600	652715	38	38
(9, 1, 4)	1	0	234880	228762	20	19
(1, 10, 4)	1	0	314063	281605	25	24
(10, 1, 4)	2	0	363258	389698	29	29
(1, 11, 4)	1	0	522899	631509	30	29
(11, 1, 4)	1	0	469385	274374	22	21
(2, 3, 4)	2	0	920844	570610	40	40
(3, 2, 4)	2	0	412078	500285	24	24
(2, 4, 4)	1	0	602872	476788	26	25
(4, 2, 4)	2	0	619799	895648	34	34
(2, 5, 4)	1	0	165405	99486	12	11
(5, 2, 4)	2	0	283952	626072	23	23
(2, 6, 4)	1	0	497298	335300	25	24
(6, 2, 4)	2	0	490946	482475	23	23
(2, 7, 4)	1	0	772733	165754	35	34
(7, 2, 4)	2	0	115604	493996	22	22
(2, 8, 4)	2	0	943566	745891	40	40
(8, 2, 4)	1	0	837168	956235	46	45
(2, 9, 4)	2	0	794337	426996	30	30
(9, 2, 4)	1	0	458911	850218	34	33
(2, 10, 4)	1	0	836576	548342	32	31
(10, 2, 4)	2	0	163534	572796	14	14
(2, 11, 4)	1	0	665212	560418	22	21
(11, 2, 4)	2	0	721845	734313	26	26
(3, 4, 4)	2	0	392310	441205	21	21
(4, 3, 4)	2	0	567751	587214	28	28
(3, 5, 4)	1	0	170368	100015	15	14
(5, 3, 4)	2	0	465069	711335	41	41
(3, 6, 4)	2	0	418630	396532	24	24
(6, 3, 4)	2	0	737493	603626	33	33
(3, 7, 4)	1	0	495997	127664	36	35
(7, 3, 4)	2	0	864902	573534	34	34
(3, 8, 4)	0	0	973431	955993	109	109
(8, 3, 4)	1	0	704678	526721	28	27
(3, 9, 4)	2	0	395631	333672	25	25
(9, 3, 4)	0	0	906944	959989	109	109
(3, 10, 4)	1	0	497041	430299	30	29
(10, 3, 4)	2	0	644059	630211	50	50
(3, 11, 4)	1	0	648154	845557	38	37
(11, 3, 4)	2	0	707339	515713	30	30
(4, 5, 4)	1	0	142221	99461	12	11
(5, 4, 4)	2	0	174261	369755	19	19
(4, 6, 4)	1	0	358048	406630	23	22
(6, 4, 4)	1	0	615094	549471	32	31
(4, 7, 4)	1	0	615380	404982	40	39
(7, 4, 4)	2	0	219901	429022	22	22
(4, 8, 4)	2	0	588768	677248	33	33
(8, 4, 4)	1	0	779996	678621	33	32
(4, 9, 4)	2	0	478808	301997	31	31
(9, 4, 4)	1	0	278789	505864	28	27
(4, 10, 4)	1	0	571469	473689	35	34
(10, 4, 4)	2	0	580679	555725	34	34
(4, 11, 4)	2	0	605307	743872	32	32
(11, 4, 4)	2	0	408647	344335	16	16
(5, 6, 4)	1	0	233785	346122	27	26
(6, 5, 4)	2	0	436268	147074	20	20
(5, 7, 4)	1	0	544764	816832	56	55
(7, 5, 4)	1	0	32960	100692	12	11
(5, 8, 4)	2	0	247741	633408	22	22
(8, 5, 4)	1	0	488262	62671	11	10
(5, 9, 4)	2	0	262459	225609	22	22
(9, 5, 4)	1	0	52184	139116	14	13
(5, 10, 4)	2	0	147579	191546	18	18
(10, 5, 4)	1	0	85735	99660	12	11
(5, 11, 4)	1	0	338470	758152	32	31
(11, 5, 4)	2	0	518293	186613	23	23
(6, 7, 4)	2	0	520165	98091	25	25
(7, 6, 4)	2	0	91492	339861	23	23
(6, 8, 4)	2	0	782900	722067	42	42
(8, 6, 4)	1	0	685896	441455	26	25
(6, 9, 4)	2	0	414384	313054	18	18
(9, 6, 4)	1	0	121101	206158	17	16
(6, 10, 4)	2	0	549664	312345	30	30
(10, 6, 4)	1	0	201903	358632	24	23
(6, 11, 4)	2	0	331939	387979	21	21
(11, 6, 4)	2	0	460211	310512	24	24
(7, 8, 4)	2	0	760101	692336	31	31
(8, 7, 4)	2	0	689900	203430	22	22
(7, 9, 4)	2	0	148052	394861	27	27
(9, 7, 4)	1	0	582386	329096	39	38
(7, 10, 4)	1	0	87663	305162	23	22
(10, 7, 4)	2	0	375823	111237	28	28
(7, 11, 4)	2	0	374368	727803	39	39
(11, 7, 4)	2	0	393901	56223	17	17
(8, 9, 4)	0	0	955020	910358	109	109
(9, 8, 4)	2	0	821766	804564	44	44
(8, 10, 4)	1	0	715523	304352	32	31
(10, 8, 4)	2	0	492573	659376	27	27
(8, 11, 4)	1	0	743180	828343	35	34
(11, 8, 4)	2	0	749704	695911	31	31
(9, 10, 4)	1	0	372793	256380	19	18
(10, 9, 4)	2	0	490660	346220	28	28
(9, 11, 4)	1	0	95270	346771	15	14
(11, 9, 4)	2	0	526963	363726	20	20
(10, 11, 4)	0	0	925476	994872	109	109
(11, 10, 4)	2	0	711107	398076	28	28
(0, 1, 5)	2	0	842986	571200	55	55
(1, 0, 5)	2	0	480796	528887	27	27
(0, 2, 5)	0	0	976546	991005	110	110
(2, 0, 5)	0	0	990998	981324	110	110
(0, 3, 5)	0	0	979292	964958	110	110
(3, 0, 5)	1	0	733581	914912	55	54
(0, 4, 5)	1	0	168595	339263	20	19
(4, 0, 5)	2	0	473786	324787	23	23
(0, 5, 5)	1	0	864982	578720	58	57
(5, 0, 5)	2	0	297660	368706	28	28
(0, 6, 5)	1	0	324461	449368	29	28
(6, 0, 5)	2	0	516811	358142	27	27
(0, 7, 5)	2	4	127210	52610	5	5
(7, 0, 5)	2	0	274217	323411	30	30
(0, 8, 5)	1	0	133389	589546	16	15
(8, 0, 5)	1	0	767182	911548	45	44
(0, 9, 5)	0	0	981618	954490	110	110
(9, 0, 5)	1	0	611733	870132	48	47
(0, 10, 5)	1	0	261346	466266	32	31
(10, 0, 5)	2	0	132228	71516	9	9
(0, 11, 5)	1	0	292639	480809	21	20
(11, 0, 5)	2	0	628720	270861	23	23
(1, 2, 5)	1	0	366804	675968	28	27
(2, 1, 5)	2	0	862001	440752	40	40
(1, 3, 5)	2	0	724998	601063	32	32
(3, 1, 5)	1	0	674918	736087	38	37
(1, 4, 5)	1	0	356741	459139	20	19
(4, 1, 5)	2	0	432477	251880	23	23
(1, 5, 5)	1	0	303062	251273	20	19
(5, 1, 5)	1	0	304497	824273	38	37
(1, 6, 5)	1	0	269469	476731	23	22
(6, 1, 5)	2	0	583235	323721	33	33
(1, 7, 5)	1	0	356884	196937	33	32
(7, 1, 5)	2	0	364341	475178	33	33
(1, 8, 5)	0	0	997792	955244	110	110
(8, 1, 5)	1	0	721959	602415	31	30
(1, 9, 5)	2	0	590216	581471	34	34
(9, 1, 5)	1	0	619960	796228	38	37
(1, 10, 5)	1	0	641334	574962	40	39
(10, 1, 5)	2	0	119997	97933	9	9
(1, 11, 5)	1	0	211164	491411	17	16
(11, 1, 5)	2	0	571119	267078	28	28
(2, 3, 5)	2	0	937557	617261	39	39
(3, 2, 5)	1	0	687888	966611	50	49
(2, 4, 5)	1	0	671054	466765	23	22
(4, 2, 5)	2	0	398933	641044	22	22
(2, 5, 5)	1	0	704322	287163	23	22
(5, 2, 5)	2	0	196266	554809	19	19
(2, 6, 5)	1	0	599925	413163	21	20
(6, 2, 5)	2	0	754920	879630	46	46
(2, 7, 5)	1	0	628797	221720	21	20
(7, 2, 5)	2	0	143451	810456	31	31
(2, 8, 5)	2	0	926790	748310	38	38
(8, 2, 5)	1	0	776350	983289	48	47
(2, 9, 5)	2	0	865215	487628	36	36
(9, 2, 5)	1	0	758574	979749	58	57
(2, 10, 5)	1	0	806118	478436	30	29
(10, 2, 5)	2	0	131575	225502	10	10
(2, 11, 5)	1	0	582948	488502	18	17
(11, 2, 5)	2	0	237875	338000	12	12
(3, 4, 5)	1	0	409291	354948	22	21
(4, 3, 5)	2	0	462078	504779	29	29
(3, 5, 5)	1	0	580908	374460	38	37
(5, 3, 5)	2	0	352923	552930	32	32
(3, 6, 5)	1	0	643449	741238	44	43
(6, 3, 5)	2	0	705888	613807	37	37
(3, 7, 5)	1	0	475230	314581	29	28
(7, 3, 5)	2	0	279597	503604	39	39
(3, 8, 5)	0	0	974808	955956	110	110
(8, 3, 5)	1	0	763857	636960	35	34
(3, 9, 5)	1	0	699785	797609	50	49
(9, 3, 5)	2	0	822803	617922	39	39
(3, 10, 5)	1	0	557188	481510	34	33
(10, 3, 5)	2	0	118450	114343	10	10
(3, 11, 5)	1	0	431422	491892	22	21
(11, 3, 5)	2	0	716709	534705	30	30
(4, 5, 5)	2	0	599992	321819	34	34
(5, 4, 5)	1	0	190321	414208	25	24
(4, 6, 5)	1	0	321435	425446	21	20
(6, 4, 5)	1	0	379082	447151	23	22
(4, 7, 5)	1	0	183671	126709	14	13
(7, 4, 5)	1	0	15892	98304	9	8
(4, 8, 5)	2	0	543339	646697	28	28
(8, 4, 5)	1	0	581695	425284	27	26
(4, 9, 5)	2	0	512948	403730	27	27
(9, 4, 5)	1	0	245561	451838	24	23
(4, 10, 5)	2	0	607138	427184	37	37
(10, 4, 5)	1	0	116107	183985	15	14
(4, 11, 5)	1	0	382891	520803	21	20
(11, 4, 5)	1	0	572912	481894	24	23
(5, 6, 5)	1	0	159848	392780	22	21
(6, 5, 5)	0	0	1000391	824850	110	110
(5, 7, 5)	0	0	711722	990467	110	110
(7, 5, 5)	2	0	239802	412676	50	50
(5, 8, 5)	2	0	444127	703661	32	32
(8, 5, 5)	1	0	633222	342452	25	24
(5, 9, 5)	2	0	193532	205776	20	20
(9, 5, 5)	1	0	595091	441841	36	35
(5, 10, 5)	2	0	211079	331818	23	23
(10, 5, 5)	2	0	131798	53933	10	10
(5, 11, 5)	1	0	127633	383754	15	14
(11, 5, 5)	2	0	859452	428147	38	38
(6, 7, 5)	1	0	599360	464386	27	26
(7, 6, 5)	2	0	227648	406613	24	24
(6, 8, 5)	2	0	547184	626360	25	25
(8, 6, 5)	1	0	780781	731832	39	38
(6, 9, 5)	2	0	340595	193108	21	21
(9, 6, 5)	1	0	421420	531926	27	26
(6, 10, 5)	1	0	330211	316536	18	17
(10, 6, 5)	2	0	121847	106496	10	10
(6, 11, 5)	1	0	744366	808366	33	32
(11, 6, 5)	2	0	700386	506045	23	23
(7, 8, 5)	2	0	831853	799542	44	44
(8, 7, 5)	1	0	593233	188164	25	24
(7, 9, 5)	2	0	341913	459048	38	38
(9, 7, 5)	1	0	431039	421268	32	31
(7, 10, 5)	2	0	341936	323589	29	29
(10, 7, 5)	2	0	121977	11520	10	10
(7, 11, 5)	2	0	115870	503014	23	23
(11, 7, 5)	2	0	777497	802325	39	39
(8, 9, 5)	1	0	738543	586403	33	32
(9, 8, 5)	2	0	656114	669485	30	30
(8, 10, 5)	1	0	660689	410474	32	31
(10, 8, 5)	2	0	99130	422248	10	10
(8, 11, 5)	1	0	706218	643783	27	26
(11, 8, 5)	2	0	736764	686792	28	28
(9, 10, 5)	1	0	366214	429514	29	28
(10, 9, 5)	2	0	130894	91161	10	10
(9, 11, 5)	1	0	297245	426594	27	26
(11, 9, 5)	2	0	404013	187040	15	15
(10, 11, 5)	2	0	131527	137995	10	10
(11, 10, 5)	1	0	720796	479734	38	37
(0, 1, 6)	1	0	914474	678024	54	53
(1, 0, 6)	2	0	599151	523291	32	32
(0, 2, 6)	1	0	278114	839801	30	29
(2, 0, 6)	2	0	906474	416025	33	33
(0, 3, 6)	2	4	420860	383635	12	12
(3, 0, 6)	2	0	479598	348417	24	24
(0, 4, 6)	1	0	144880	245130	19	18
(4, 0, 6)	2	0	452888	258406	29	29
(0, 5, 6)	1	0	281069	305685	22	21
(5, 0, 6)	2	0	382198	595714	29	29
(0, 6, 6)	1	0	429338	575710	32	31
(6, 0, 6)	2	0	478770	168452	23	23
(0, 7, 6)	1	0	262726	159541	26	25
(7, 0, 6)	2	0	161680	308197	31	31
(0, 8, 6)	2	0	870986	734495	42	42
(8, 0, 6)	1	0	737076	675792	38	37
(0, 9, 6)	1	0	467371	672317	34	33
(9, 0, 6)	1	0	759740	910931	60	59
(0, 10, 6)	1	0	387891	490263	32	31
(10, 0, 6)	2	0	379703	317806	22	22
(0, 11, 6)	1	0	583127	725455	29	28
(11, 0, 6)	2	0	534971	220760	21	21
(1, 2, 6)	1	0	406523	916916	33	32
(2, 1, 6)	1	0	418601	152254	18	17
(1, 3, 6)	2	0	656829	701704	40	40
(3, 1, 6)	1	0	170741	152924	15	14
(1, 4, 6)	2	0	361287	472577	25	25
(4, 1, 6)	2	0	407415	326442	26	26
(1, 5, 6)	1	0	83992	188545	21	20
(5, 1, 6)	2	0	356322	632979	27	27
(1, 6, 6)	1	0	397622	504597	28	27
(6, 1, 6)	2	0	183927	76519	12	12
(1, 7, 6)	1	0	391526	500559	36	35
(7, 1, 6)	2	0	243162	395669	30	30
(1, 8, 6)	2	0	564775	775519	36	36
(8, 1, 6)	1	0	733826	610108	31	30
(1, 9, 6)	0	0	981220	882716	111	110
(9, 1, 6)	2	0	790301	750782	54	54
(1, 10, 6)	0	0	983574	936264	111	110
(10, 1, 6)	2	0	382251	362166	26	26
(1, 11, 6)	1	0	371029	665448	30	29
(11, 1, 6)	2	0	326247	65970	12	12
(2, 3, 6)	2	0	968958	753594	53	53
(3, 2, 6)	1	0	535254	916535	38	37
(2, 4, 6)	1	0	770311	560458	34	33
(4, 2, 6)	2	0	375302	481028	19	19
(2, 5, 6)	1	0	235712	100750	14	13
(5, 2, 6)	2	0	465821	965014	43	43
(2, 6, 6)	1	0	939434	795103	52	51
(6, 2, 6)	2	0	465845	572056	22	22
(2, 7, 6)	1	0	773891	259000	31	30
(7, 2, 6)	2	0	98797	571656	25	25
(2, 8, 6)	2	0	931621	730977	35	35
(8, 2, 6)	1	0	660355	836710	26	25
(2, 9, 6)	1	0	349249	173045	18	17
(9, 2, 6)	1	0	456339	724560	31	30
(2, 10, 6)	1	0	942730	662614	43	42
(10, 2, 6)	2	0	381202	524602	25	25
(2, 11, 6)	1	0	891633	731834	39	38
(11, 2, 6)	2	0	325010	292640	11	11
(3, 4, 6)	1	4	747221	815442	51	50
(4, 3, 6)	2	0	588849	507902	26	26
(3, 5, 6)	1	0	681990	364957	47	46
(5, 3, 6)	2	0	335551	610942	33	33
(3, 6, 6)	1	0	420907	538939	27	26
(6, 3, 6)	2	0	173408	120064	12	12
(3, 7, 6)	1	0	711361	672340	51	50
(7, 3, 6)	2	0	709972	475285	34	34
(3, 8, 6)	2	0	496817	637306	25	25
(8, 3, 6)	1	0	677515	475122	21	20
(3, 9, 6)	0	0	964970	874331	111	110
(9, 3, 6)	0	0	876459	962548	111	110
(3, 10, 6)	1	0	547256	517065	30	29
(10, 3, 6)	2	0	508392	542435	31	31
(3, 11, 6)	1	0	480844	660777	25	24
(11, 3, 6)	2	0	867823	570484	37	37
(4, 5, 6)	1	0	191174	107283	13	12
(5, 4, 6)	1	0	403077	730152	38	37
(4, 6, 6)	1	0	252374	218350	17	16
(6, 4, 6)	2	0	184907	91087	12	12
(4, 7, 6)	2	0	605820	722442	34	34
(7, 4, 6)	1	0	180108	417124	24	23
(4, 8, 6)	2	0	486614	581671	21	21
(8, 4, 6)	1	0	736622	669249	35	34
(4, 9, 6)	2	0	334713	290739	20	20
(9, 4, 6)	1	0	235749	359776	27	26
(4, 10, 6)	1	0	779522	655911	49	48
(10, 4, 6)	2	0	711419	811072	53	53
(4, 11, 6)	2	0	545588	587230	26	26
(11, 4, 6)	2	0	580768	421998	23	23
(5, 6, 6)	0	0	778915	999202	111	110
(6, 5, 6)	2	0	423733	227172	28	28
(5, 7, 6)	2	0	183075	267621	14	14
(7, 5, 6)	2	0	129554	112871	22	22
(5, 8, 6)	2	0	427099	734809	31	31
(8, 5, 6)	1	0	721506	422806	39	38
(5, 9, 6)	2	0	355103	572565	30	30
(9, 5, 6)	1	0	111976	168003	17	16
(5, 10, 6)	1	0	366601	653180	40	39
(10, 5, 6)	2	0	626324	348338	44	44
(5, 11, 6)	1	0	260988	653877	31	30
(11, 5, 6)	1	0	704451	302161	26	25
(6, 7, 6)	2	0	463118	120080	26	26
(7, 6, 6)	2	0	538572	606126	30	30
(6, 8, 6)	2	0	609301	605055	29	29
(8, 6, 6)	1	0	774132	745276	42	41
(6, 9, 6)	2	0	560531	401332	28	28
(9, 6, 6)	1	0	493881	610931	38	37
(6, 10, 6)	2	0	169851	130580	13	13
(10, 6, 6)	2	0	577241	726936	50	50
(6, 11, 6)	2	0	184686	129523	12	12
(11, 6, 6)	2	0	836826	617922	37	37
(7, 8, 6)	2	0	526753	742845	37	37
(8, 7, 6)	1	0	644300	215462	30	29
(7, 9, 6)	2	0	160100	338695	30	30
(9, 7, 6)	1	0	456515	456858	38	37
(7, 10, 6)	2	0	1000024	814629	80	80
(10, 7, 6)	1	0	517392	264244	39	38
(7, 11, 6)	1	0	813389	896966	49	48
(11, 7, 6)	2	0	401685	48487	16	16
(8, 9, 6)	1	0	834347	826863	50	49
(9, 8, 6)	2	0	681681	716701	30	30
(8, 10, 6)	1	0	639981	427585	32	31
(10, 8, 6)	2	0	560534	748113	37	37
(8, 11, 6)	1	0	721196	751474	29	28
(11, 8, 6)	2	0	826770	619255	30	30
(9, 10, 6)	1	0	299513	340499	25	24
(10, 9, 6)	2	0	463016	477712	30	30
(9, 11, 6)	1	0	478601	645841	27	26
(11, 9, 6)	2	0	347163	87881	9	9
(10, 11, 6)	0	0	913104	992042	111	110
(11, 10, 6)	0	0	995760	918578	111	110
(0, 1, 7)	1	0	865760	899794	54	53
(1, 0, 7)	2	0	477747	381276	25	25
(0, 2, 7)	1	0	286589	755634	31	30
(2, 0, 7)	2	0	873670	438998	31	31
(0, 3, 7)	0	0	979259	972262	110	110
(3, 0, 7)	0	0	969129	980914	110	110
(0, 4, 7)	1	0	140608	388202	21	20
(4, 0, 7)	2	0	488640	328668	26	26
(0, 5, 7)	1	0	314631	281501	29	28
(5, 0, 7)	2	0	247642	177740	22	22
(0, 6, 7)	1	0	342926	489382	29	28
(6, 0, 7)	2	0	369631	135427	23	23
(0, 7, 7)	1	0	331813	301029	28	27
(7, 0, 7)	2	0	137195	276761	29	29
(0, 8, 7)	2	0	748820	783493	38	38
(8, 0, 7)	1	0	807658	872640	46	45
(0, 9, 7)	1	0	264187	396830	29	28
(9, 0, 7)	0	0	925074	981304	110	110
(0, 10, 7)	1	0	400417	546894	33	32
(10, 0, 7)	2	0	591101	477032	33	33
(0, 11, 7)	1	0	301281	522113	23	22
(11, 0, 7)	2	0	641425	263090	27	27
(1, 2, 7)	0	0	994461	990962	110	110
(2, 1, 7)	2	0	891805	582807	39	39
(1, 3, 7)	2	0	819257	696059	45	45
(3, 1, 7)	1	0	620912	828878	35	34
(1, 4, 7)	1	0	137130	294431	20	19
(4, 1, 7)	2	0	372099	335406	26	26
(1, 5, 7)	2	0	822769	439291	42	42
(5, 1, 7)	2	0	332955	434463	30	30
(1, 6, 7)	1	0	158647	308816	21	20
(6, 1, 7)	2	0	576170	494500	30	30
(1, 7, 7)	2	0	770145	814448	54	54
(7, 1, 7)	2	0	269286	348242	27	27
(1, 8, 7)	2	0	773270	730186	42	42
(8, 1, 7)	1	0	737517	659264	34	33
(1, 9, 7)	2	0	794453	820451	61	61
(9, 1, 7)	1	0	324411	396407	22	21
(1, 10, 7)	1	0	283284	546055	36	35
(10, 1, 7)	2	0	511504	389861	34	34
(1, 11, 7)	1	0	90104	373621	11	10
(11, 1, 7)	2	0	662443	374309	24	24
(2, 3, 7)	2	0	902516	497854	34	34
(3, 2, 7)	0	0	963445	990826	110	110
(2, 4, 7)	1	0	788885	576338	31	30
(4, 2, 7)	1	0	297126	649167	22	21
(2, 5, 7)	2	0	901286	323065	33	33
(5, 2, 7)	2	0	316503	810830	27	27
(2, 6, 7)	1	0	724845	532809	27	26
(6, 2, 7)	0	0	995393	990931	110	110
(2, 7, 7)	1	0	559739	115761	26	25
(7, 2, 7)	2	0	761462	933609	44	44
(2, 8, 7)	2	0	973158	828121	53	53
(8, 2, 7)	1	0	779639	958464	45	44
(2, 9, 7)	2	0	950690	680330	41	41
(9, 2, 7)	1	0	349465	560109	30	29
(2, 10, 7)	1	0	825965	474908	36	35
(10, 2, 7)	2	0	394028	716748	27	27
(2, 11, 7)	1	0	623572	461696	19	18
(11, 2, 7)	2	0	876802	980581	53	53
(3, 4, 7)	1	0	503821	545970	32	31
(4, 3, 7)	2	0	476635	431436	27	27
(3, 5, 7)	1	0	648367	438817	46	45
(5, 3, 7)	2	0	323617	495777	26	26
(3, 6, 7)	1	0	534773	457795	29	28
(6, 3, 7)	2	0	730644	575727	37	37
(3, 7, 7)	0	0	969441	998419	110	110
(7, 3, 7)	2	0	495357	454709	34	34
(3, 8, 7)	2	0	353486	628453	20	20
(8, 3, 7)	1	0	786743	625563	39	38
(3, 9, 7)	2	0	420361	331999	21	21
(9, 3, 7)	1	0	784146	778476	59	58
(3, 10, 7)	1	0	560189	463934	33	32
(10, 3, 7)	2	0	481613	516474	31	31
(3, 11, 7)	1	0	225993	366792	22	21
(11, 3, 7)	2	0	577617	407134	22	22
(4, 5, 7)	0	0	978570	771133	110	110
(5, 4, 7)	1	0	159776	362923	20	19
(4, 6, 7)	2	0	443724	453547	23	23
(6, 4, 7)	1	0	841819	803517	50	49
(4, 7, 7)	2	0	388337	196649	17	17
(7, 4, 7)	2	0	207938	532937	30	30
(4, 8, 7)	2	0	543190	717281	34	34
(8, 4, 7)	1	0	743682	607987	33	32
(4, 9, 7)	2	0	399845	325160	23	23
(9, 4, 7)	1	0	390919	514369	30	29
(4, 10, 7)	1	0	178447	135245	14	13
(10, 4, 7)	1	0	362450	465702	27	26
(4, 11, 7)	1	0	566442	659219	29	28
(11, 4, 7)	2	0	235174	117446	13	13
(5, 6, 7)	2	0	243460	362252	22	22
(6, 5, 7)	2	0	554262	302538	30	30
(5, 7, 7)	2	0	243855	204066	19	19
(7, 5, 7)	2	0	897323	319209	34	34
(5, 8, 7)	2	0	377092	651833	31	31
(8, 5, 7)	1	0	726197	364164	29	28
(5, 9, 7)	2	0	321180	404590	29	29
(9, 5, 7)	1	0	376353	303651	31	30
(5, 10, 7)	1	0	336246	391851	42	41
(10, 5, 7)	2	0	545006	310583	38	38
(5, 11, 7)	1	0	244039	631942	26	25
(11, 5, 7)	2	0	937719	567945	50	50
(6, 7, 7)	2	0	439896	343751	18	18
(7, 6, 7)	2	0	207182	567262	33	33
(6, 8, 7)	2	0	751936	765507	40	40
(8, 6, 7)	1	0	682544	563600	30	29
(6, 9, 7)	2	0	481730	307187	26	26
(9, 6, 7)	1	0	245090	345211	21	20
(6, 10, 7)	2	0	347067	264896	22	22
(10, 6, 7)	2	0	551783	651123	39	39
(6, 11, 7)	2	0	552461	579523	32	32
(11, 6, 7)	2	0	651507	429451	30	30
(7, 8, 7)	2	0	417262	729153	36	36
(8, 7, 7)	1	0	700057	347636	31	30
(7, 9, 7)	2	0	194613	376629	31	31
(9, 7, 7)	1	0	285791	153795	23	22
(7, 10, 7)	1	0	95999	405723	26	25
(10, 7, 7)	1	0	202328	14980	22	21
(7, 11, 7)	2	0	100719	303343	12	12
(11, 7, 7)	2	0	549432	131451	19	19
(8, 9, 7)	1	0	835716	897223	54	53
(9, 8, 7)	2	0	804189	772676	38	38
(8, 10, 7)	2	0	550434	212021	13	13
(10, 8, 7)	2	0	480158	683714	34	34
(8, 11, 7)	1	0	762513	854836	34	33
(11, 8, 7)	2	0	796939	722097	32	32
(9, 10, 7)	1	0	523963	463846	31	30
(10, 9, 7)	2	0	631787	678492	36	36
(9, 11, 7)	1	0	436799	695765	33	32
(11, 9, 7)	2	0	689258	359327	24	24
(10, 11, 7)	2	0	237389	260234	19	19
(11, 10, 7)	2	0	660171	367805	25	25
(0, 1, 8)	1	0	94648	139612	24	23
(1, 0, 8)	1	4	479799	250347	15	14
(0, 2, 8)	1	0	837173	925197	51	50
(2, 0, 8)	2	0	864791	362273	29	29
(0, 3, 8)	1	0	605450	556526	32	31
(3, 0, 8)	0	0	969560	980121	110	110
(0, 4, 8)	1	0	874368	860266	54	53
(4, 0, 8)	2	0	464822	233894	28	28
(0, 5, 8)	1	0	92928	245050	26	25
(5, 0, 8)	2	0	294596	163172	22	22
(0, 6, 8)	1	0	888027	807720	52	51
(6, 0, 8)	2	0	622816	304826	32	32
(0, 7, 8)	1	0	148177	33617	22	21
(7, 0, 8)	2	0	69883	176530	22	22
(0, 8, 8)	2	0	900118	789755	46	46
(8, 0, 8)	1	0	818701	829106	52	51
(0, 9, 8)	2	0	726713	487407	32	32
(9, 0, 8)	2	0	695238	597643	38	38
(0, 10, 8)	1	0	242332	322554	22	21
(10, 0, 8)	2	0	511525	387373	31	31
(0, 11, 8)	1	0	82045	372079	13	12
(11, 0, 8)	2	0	564247	193863	22	22
(1, 2, 8)	2	0	360670	581677	19	19
(2, 1, 8)	1	0	538783	479170	32	31
(1, 3, 8)	2	0	748963	662325	34	34
(3, 1, 8)	1	0	416949	580155	29	28
(1, 4, 8)	1	0	334333	388859	25	24
(4, 1, 8)	2	0	600065	317405	33	33
(1, 5, 8)	1	0	356374	328848	34	33
(5, 1, 8)	2	0	263848	447523	20	20
(1, 6, 8)	1	0	538598	779794	38	37
(6, 1, 8)	2	0	591629	314067	31	31
(1, 7, 8)	1	0	665827	469760	26	25
(7, 1, 8)	2	0	628530	266543	35	35
(1, 8, 8)	2	0	604146	711606	35	35
(8, 1, 8)	2	0	528694	266282	12	12
(1, 9, 8)	2	0	605957	298458	27	27
(9, 1, 8)	1	0	83329	77141	14	13
(1, 10, 8)	1	0	85636	105225	11	10
(10, 1, 8)	2	0	394397	244310	34	34
(1, 11, 8)	1	0	557971	853021	35	34
(11, 1, 8)	2	0	558317	363671	28	28
(2, 3, 8)	2	0	928302	534793	42	42
(3, 2, 8)	1	0	515811	828617	37	36
(2, 4, 8)	1	0	879611	633397	34	33
(4, 2, 8)	2	0	487861	692568	27	27
(2, 5, 8)	1	0	513426	249354	24	23
(5, 2, 8)	2	0	212952	86097	19	19
(2, 6, 8)	1	0	698360	502780	28	27
(6, 2, 8)	2	0	569485	738570	31	31
(2, 7, 8)	1	0	692682	139434	31	30
(7, 2, 8)	2	0	179604	835526	38	38
(2, 8, 8)	2	0	958230	765010	43	43
(8, 2, 8)	1	0	685570	771702	25	24
(2, 9, 8)	0	0	991056	880483	110	110
(9, 2, 8)	0	0	888565	991131	110	110
(2, 10, 8)	1	0	438099	217171	18	17
(10, 2, 8)	2	0	403356	681107	27	27
(2, 11, 8)	1	0	507496	522213	22	21
(11, 2, 8)	2	0	553357	490239	24	24
(3, 4, 8)	1	0	433132	427232	30	29
(4, 3, 8)	2	0	518421	439934	24	24
(3, 5, 8)	1	0	387172	249742	22	21
(5, 3, 8)	2	0	183696	304855	23	23
(3, 6, 8)	1	0	562388	595085	31	30
(6, 3, 8)	2	0	814068	648183	42	42
(3, 7, 8)	1	0	207815	27430	23	22
(7, 3, 8)	2	0	450453	553021	41	41
(3, 8, 8)	2	0	582023	703664	29	29
(8, 3, 8)	2	0	651866	335466	19	19
(3, 9, 8)	1	0	599551	773622	42	41
(9, 3, 8)	1	0	428469	405528	27	26
(3, 10, 8)	1	0	247554	209897	18	17
(10, 3, 8)	2	0	622502	605155	33	33
(3, 11, 8)	1	0	247776	370557	17	16
(11, 3, 8)	2	0	436831	380107	19	19
(4, 5, 8)	2	0	597731	243109	24	24
(5, 4, 8)	2	0	210068	408269	22	22
(4, 6, 8)	2	0	536917	526284	28	28
(6, 4, 8)	2	0	474040	483268	23	23
(4, 7, 8)	1	0	355456	40521	19	18
(7, 4, 8)	2	0	795525	751725	43	43
(4, 8, 8)	2	0	611357	697360	29	29
(8, 4, 8)	1	0	801033	729236	40	39
(4, 9, 8)	2	0	433469	215534	23	23
(9, 4, 8)	1	0	810604	809598	55	54
(4, 10, 8)	1	0	179148	104629	12	11
(10, 4, 8)	2	0	350428	411636	24	24
(4, 11, 8)	1	0	436512	556653	21	20
(11, 4, 8)	2	0	505745	434751	22	22
(5, 6, 8)	2	0	182111	326358	17	17
(6, 5, 8)	2	0	602906	247335	30	30
(5, 7, 8)	2	0	199783	38897	20	20
(7, 5, 8)	0	0	999534	685644	110	110
(5, 8, 8)	2	0	288339	626925	24	24
(8, 5, 8)	1	0	516390	116960	13	12
(5, 9, 8)	2	0	279031	249303	26	26
(9, 5, 8)	1	0	82047	126572	21	20
(5, 10, 8)	1	0	146472	197328	19	18
(10, 5, 8)	2	0	391179	245838	34	34
(5, 11, 8)	0	0	811422	998994	110	110
(11, 5, 8)	2	0	650197	225569	22	22
(6, 7, 8)	1	0	436915	27585	22	21
(7, 6, 8)	2	0	749848	687907	46	46
(6, 8, 8)	2	0	343570	612660	22	22
(8, 6, 8)	2	0	550487	250348	13	13
(6, 9, 8)	2	0	627558	485658	36	36
(9, 6, 8)	1	0	539417	572425	31	30
(6, 10, 8)	1	0	118412	113960	15	14
(10, 6, 8)	2	0	362018	435109	26	26
(6, 11, 8)	2	0	548376	536064	26	26
(11, 6, 8)	2	0	467317	521175	26	26
(7, 8, 8)	2	0	125610	731519	34	34
(8, 7, 8)	1	0	633231	34327	22	21
(7, 9, 8)	2	0	398512	291191	25	25
(9, 7, 8)	1	0	114038	31486	22	21
(7, 10, 8)	1	0	14823	106208	16	15
(10, 7, 8)	1	0	589486	827269	45	44
(7, 11, 8)	1	0	109623	416484	17	16
(11, 7, 8)	1	0	396841	34982	23	22
(8, 9, 8)	1	0	709914	328750	26	25
(9, 8, 8)	2	0	758730	746588	34	34
(8, 10, 8)	1	0	576707	181465	17	16
(10, 8, 8)	2	0	470071	712319	35	35
(8, 11, 8)	2	0	528442	320913	12	12
(11, 8, 8)	2	0	935579	752770	43	43
(9, 10, 8)	1	0	72413	104777	14	13
(10, 9, 8)	2	0	366760	233261	23	23
(9, 11, 8)	1	0	82539	285192	22	21
(11, 9, 8)	2	0	404646	90532	21	21
(10, 11, 8)	1	0	167708	370008	15	14
(11, 10, 8)	1	0	176844	105746	13	12
(0, 1, 9)	1	0	844623	713903	48	47
(1, 0, 9)	2	0	137695	23327	12	12
(0, 2, 9)	0	0	978061	990999	110	110
(2, 0, 9)	2	0	298918	61951	14	14
(0, 3, 9)	2	4	603608	407887	14	14
(3, 0, 9)	2	0	642492	748047	36	36
(0, 4, 9)	1	0	127472	107355	18	17
(4, 0, 9)	2	0	495397	250581	26	26
(0, 5, 9)	1	0	310542	201660	18	17
(5, 0, 9)	2	0	85354	31493	10	10
(0, 6, 9)	1	0	138794	86835	14	13
(6, 0, 9)	2	0	93246	31095	13	13
(0, 7, 9)	1	0	565677	258735	33	32
(7, 0, 9)	2	0	490241	294129	32	32
(0, 8, 9)	2	0	831343	760860	36	36
(8, 0, 9)	2	0	421274	46360	8	8
(0, 9, 9)	2	0	591864	328618	29	29
(9, 0, 9)	2	0	350085	199247	20	20
(0, 10, 9)	1	0	135529	86288	13	12
(10, 0, 9)	2	0	287736	67961	21	21
(0, 11, 9)	1	0	142378	231200	11	10
(11, 0, 9)	2	0	161428	32284	12	12
(1, 2, 9)	2	0	127386	130375	13	13
(2, 1, 9)	2	0	298570	46758	21	21
(1, 3, 9)	2	0	741661	615289	36	36
(3, 1, 9)	1	0	753436	872209	48	47
(1, 4, 9)	1	0	454782	552042	31	30
(4, 1, 9)	2	0	458430	486672	23	23
(1, 5, 9)	0	0	994295	841169	110	110
(5, 1, 9)	2	0	280932	374070	25	25
(1, 6, 9)	2	0	272586	288240	17	17
(6, 1, 9)	2	0	157917	30313	13	13
(1, 7, 9)	1	0	293086	146697	29	28
(7, 1, 9)	2	0	20598	307209	18	18
(1, 8, 9)	2	0	144794	461990	13	13
(8, 1, 9)	2	0	689470	585524	22	22
(1, 9, 9)	2	0	188256	108064	15	15
(9, 1, 9)	1	0	666018	829592	46	45
(1, 10, 9)	2	0	133513	80649	16	16
(10, 1, 9)	2	0	109244	29910	15	15
(1, 11, 9)	1	0	582413	792079	38	37
(11, 1, 9)	2	0	719240	384704	24	24
(2, 3, 9)	1	0	706934	504940	30	29
(3, 2, 9)	2	0	309671	140665	16	16
(2, 4, 9)	2	0	302654	132790	13	13
(4, 2, 9)	2	0	435138	521577	20	20
(2, 5, 9)	2	0	298393	56080	20	20
(5, 2, 9)	2	0	272868	477240	24	24
(2, 6, 9)	2	0	304655	108217	20	20
(6, 2, 9)	2	0	165788	106770	13	13
(2, 7, 9)	2	0	271932	8968	15	15
(7, 2, 9)	2	0	75076	502282	27	27
(2, 8, 9)	2	0	949766	811270	42	42
(8, 2, 9)	2	0	664796	518522	20	20
(2, 9, 9)	2	0	303311	40221	18	18
(9, 2, 9)	2	0	188785	210258	18	18
(2, 10, 9)	1	0	591589	256288	24	23
(10, 2, 9)	2	0	109154	105792	17	17
(2, 11, 9)	2	0	301255	127346	16	16
(11, 2, 9)	2	0	725655	514076	24	24
(3, 4, 9)	2	0	264044	182559	15	15
(4, 3, 9)	2	0	460169	383766	21	21
(3, 5, 9)	1	0	546661	323868	32	31
(5, 3, 9)	1	0	39124	191443	13	12
(3, 6, 9)	1	0	618882	757092	40	39
(6, 3, 9)	2	0	158007	115552	14	14
(3, 7, 9)	1	0	552949	379920	37	36
(7, 3, 9)	2	0	132912	443182	29	29
(3, 8, 9)	0	0	974695	955142	110	110
(8, 3, 9)	2	0	677503	389277	21	21
(3, 9, 9)	2	0	251098	56398	15	15
(9, 3, 9)	2	0	465080	360080	24	24
(3, 10, 9)	1	0	587828	585420	37	36
(10, 3, 9)	2	0	109781	112982	13	13
(3, 11, 9)	1	0	687545	873832	38	37
(11, 3, 9)	1	0	215630	179965	17	16
(4, 5, 9)	2	0	676541	324848	30	30
(5, 4, 9)	2	0	273432	445702	23	23
(4, 6, 9)	2	0	678561	636534	29	29
(6, 4, 9)	2	0	147379	86488	13	13
(4, 7, 9)	1	0	339189	25798	19	18
(7, 4, 9)	2	0	20408	193045	16	16
(4, 8, 9)	2	0	533533	711268	28	28
(8, 4, 9)	2	0	528743	216951	12	12
(4, 9, 9)	2	0	434995	359536	21	21
(9, 4, 9)	1	0	57748	102231	18	17
(4, 10, 9)	1	0	287321	137068	14	13
(10, 4, 9)	2	0	244740	281444	20	20
(4, 11, 9)	2	0	457967	551957	21	21
(11, 4, 9)	2	0	725654	415813	25	25
(5, 6, 9)	1	0	38907	158810	16	15
(6, 5, 9)	1	0	512158	240784	26	25
(5, 7, 9)	1	0	183163	64799	21	20
(7, 5, 9)	2	0	579287	410383	47	47
(5, 8, 9)	2	0	374107	750392	29	29
(8, 5, 9)	1	0	730761	281347	30	29
(5, 9, 9)	2	0	252924	213499	22	22
(9, 5, 9)	2	0	843080	489577	49	49
(5, 10, 9)	1	0	145502	138053	14	13
(10, 5, 9)	1	0	168692	128514	13	12
(5, 11, 9)	2	0	253268	512103	21	21
(11, 5, 9)	2	0	527270	231334	25	25
(6, 7, 9)	2	0	468205	135288	28	28
(7, 6, 9)	2	0	101755	375031	24	24
(6, 8, 9)	2	0	171212	475650	13	13
(8, 6, 9)	1	0	517754	156528	16	15
(6, 9, 9)	2	0	165845	24559	13	13
(9, 6, 9)	1	0	68384	95766	15	14
(6, 10, 9)	2	0	165347	69338	13	13
(10, 6, 9)	2	0	107208	69639	13	13
(6, 11, 9)	2	0	146216	208453	13	13
(11, 6, 9)	1	0	194628	173870	15	14
(7, 8, 9)	2	0	54977	647239	25	25
(8, 7, 9)	2	0	420715	6315	8	8
(7, 9, 9)	2	0	177254	454928	27	27
(9, 7, 9)	2	0	290084	46841	20	20
(7, 10, 9)	2	0	27477	93965	14	14
(10, 7, 9)	1	0	301862	25986	21	20
(7, 11, 9)	1	0	28010	299622	11	10
(11, 7, 9)	1	0	343528	55023	16	15
(8, 9, 9)	2	0	651921	266975	19	19
(9, 8, 9)	2	0	483546	599928	21	21
(8, 10, 9)	1	0	516423	64214	15	14
(10, 8, 9)	2	0	120228	472846	13	13
(8, 11, 9)	2	0	479181	184039	10	10
(11, 8, 9)	2	0	648608	707589	26	26
(9, 10, 9)	1	0	71883	89274	18	17
(10, 9, 9)	2	0	107179	24325	13	13
(9, 11, 9)	1	0	284197	564488	28	27
(11, 9, 9)	2	0	739768	256200	25	25
(10, 11, 9)	2	0	455083	450443	28	28
(11, 10, 9)	2	0	164868	68485	10	10
(0, 1, 10)	1	0	129298	55387	16	15
(1, 0, 10)	2	0	637286	618450	34	34
(0, 2, 10)	1	0	189202	497114	22	21
(2, 0, 10)	2	0	767247	270214	29	29
(0, 3, 10)	1	0	325620	362129	29	28
(3, 0, 10)	1	0	706666	887891	53	52
(0, 4, 10)	1	0	229086	310140	21	20
(4, 0, 10)	2	0	487228	173696	24	24
(0, 5, 10)	1	0	221875	250767	25	24
(5, 0, 10)	2	0	136630	73068	13	13
(0, 6, 10)	1	0	131390	221745	16	15
(6, 0, 10)	2	0	488581	369620	33	33
(0, 7, 10)	1	0	179104	92359	22	21
(7, 0, 10)	2	0	99376	230332	18	18
(0, 8, 10)	2	0	940772	883165	67	67
(8, 0, 10)	1	0	778642	866043	48	47
(0, 9, 10)	1	0	443823	539093	33	32
(9, 0, 10)	1	0	492145	699111	39	38
(0, 10, 10)	1	0	179644	238075	22	21
(10, 0, 10)	2	0	361847	153817	23	23
(0, 11, 10)	1	0	149287	133148	13	12
(11, 0, 10)	2	0	365677	134335	17	17
(1, 2, 10)	2	0	95374	118612	13	13
(2, 1, 10)	2	0	956506	801531	50	50
(1, 3, 10)	2	0	715575	648277	41	41
(3, 1, 10)	2	0	759108	580752	42	42
(1, 4, 10)	2	0	107739	120733	12	12
(4, 1, 10)	2	0	427763	392512	24	24
(1, 5, 10)	1	0	257008	225302	20	19
(5, 1, 10)	2	0	272958	265677	22	22
(1, 6, 10)	1	0	247301	379626	25	24
(6, 1, 10)	2	0	454265	257587	23	23
(1, 7, 10)	2	0	96636	26489	12	12
(7, 1, 10)	2	0	96985	179981	23	23
(1, 8, 10)	2	0	635245	731470	35	35
(8, 1, 10)	1	0	782285	750774	35	34
(1, 9, 10)	0	0	997501	955822	110	110
(9, 1, 10)	1	0	360529	582038	28	27
(1, 10, 10)	1	0	440710	522543	40	39
(10, 1, 10)	2	0	261321	183184	20	20
(1, 11, 10)	1	0	242492	534159	26	25
(11, 1, 10)	2	0	720676	311214	24	24
(2, 3, 10)	2	0	914572	619123	44	44
(3, 2, 10)	1	0	557035	893940	44	43
(2, 4, 10)	1	0	940965	654843	36	35
(4, 2, 10)	2	0	375491	645200	22	22
(2, 5, 10)	1	0	878612	413557	35	34
(5, 2, 10)	0	0	710661	991057	110	110
(2, 6, 10)	1	0	841407	478378	28	27
(6, 2, 10)	2	0	98720	232844	13	13
(2, 7, 10)	1	0	601085	64967	29	28
(7, 2, 10)	2	0	69303	246746	18	18
(2, 8, 10)	2	0	932310	730832	37	37
(8, 2, 10)	1	0	727891	955158	34	33
(2, 9, 10)	2	0	911102	398829	30	30
(9, 2, 10)	1	0	427987	894100	38	37
(2, 10, 10)	0	0	990576	889645	110	110
(10, 2, 10)	2	0	325733	533271	23	23
(2, 11, 10)	2	0	446610	530102	23	23
(11, 2, 10)	2	0	361145	235111	11	11
(3, 4, 10)	2	0	250503	176510	13	13
(4, 3, 10)	2	0	484734	434406	25	25
(3, 5, 10)	1	0	453646	234926	22	21
(5, 3, 10)	1	0	363001	605231	38	37
(3, 6, 10)	1	0	661637	697448	38	37
(6, 3, 10)	2	0	254519	193914	19	19
(3, 7, 10)	1	0	215985	34870	18	17
(7, 3, 10)	2	0	735602	627306	40	40
(3, 8, 10)	0	0	977115	955784	110	110
(8, 3, 10)	1	0	738589	549986	30	29
(3, 9, 10)	1	0	724157	760001	68	67
(9, 3, 10)	1	0	434929	478399	29	28
(3, 10, 10)	1	0	481925	458715	34	33
(10, 3, 10)	2	0	335065	458657	28	28
(3, 11, 10)	2	0	186249	234129	11	11
(11, 3, 10)	2	0	723931	552829	29	29
(4, 5, 10)	2	0	512340	241828	30	30
(5, 4, 10)	1	0	243588	519917	30	29
(4, 6, 10)	2	0	725318	749563	49	49
(6, 4, 10)	2	0	561534	488851	26	26
(4, 7, 10)	2	0	488355	130221	28	28
(7, 4, 10)	1	0	787203	847243	61	60
(4, 8, 10)	2	0	495196	581178	26	26
(8, 4, 10)	1	0	657158	397096	23	22
(4, 9, 10)	2	0	385900	287292	21	21
(9, 4, 10)	1	0	80703	410674	22	21
(4, 10, 10)	2	0	608371	468068	30	30
(10, 4, 10)	0	0	934320	968339	110	110
(4, 11, 10)	2	0	502676	726387	28	28
(11, 4, 10)	2	0	541202	432290	20	20
(5, 6, 10)	1	0	210492	418368	23	22
(6, 5, 10)	2	0	144403	35268	14	14
(5, 7, 10)	2	0	492970	762784	46	46
(7, 5, 10)	1	0	49839	203145	22	21
(5, 8, 10)	2	0	187218	580243	20	20
(8, 5, 10)	1	0	466359	93110	11	10
(5, 9, 10)	2	0	230378	139589	23	23
(9, 5, 10)	1	0	411504	357982	33	32
(5, 10, 10)	1	0	344859	390081	34	33
(10, 5, 10)	0	0	926373	695569	110	110
(5, 11, 10)	1	0	209970	616285	24	23
(11, 5, 10)	2	0	685903	229141	24	24
(6, 7, 10)	2	0	698698	656252	39	39
(7, 6, 10)	2	0	173171	337438	24	24
(6, 8, 10)	2	0	102124	500592	15	15
(8, 6, 10)	1	0	779596	809864	45	44
(6, 9, 10)	2	0	571065	547256	37	37
(9, 6, 10)	1	0	380029	622565	37	36
(6, 10, 10)	2	0	99233	93910	13	13
(10, 6, 10)	2	0	420622	406325	24	24
(6, 11, 10)	0	0	998275	993489	110	110
(11, 6, 10)	2	0	462764	204063	12	12
(7, 8, 10)	2	0	638665	700053	38	38
(8, 7, 10)	1	0	682549	95582	28	27
(7, 9, 10)	2	0	133373	183059	20	20
(9, 7, 10)	1	0	145244	43336	16	15
(7, 10, 10)	2	0	525185	384539	31	31
(10, 7, 10)	2	0	422034	336996	24	24
(7, 11, 10)	1	0	76485	227932	13	12
(11, 7, 10)	2	0	540969	73285	19	19
(8, 9, 10)	2	0	550193	239342	13	13
(9, 8, 10)	1	0	632522	762740	31	30
(8, 10, 10)	1	0	630479	305167	24	23
(10, 8, 10)	2	0	592912	692488	36	36
(8, 11, 10)	1	0	520144	149876	15	14
(11, 8, 10)	1	0	364511	550527	14	13
(9, 10, 10)	1	0	527499	591876	39	38
(10, 9, 10)	2	0	234385	228428	17	17
(9, 11, 10)	1	0	47726	273277	15	14
(11, 9, 10)	2	0	556463	236752	18	18
(10, 11, 10)	2	0	400540	454579	25	25
(11, 10, 10)	2	0	706390	337853	21	21
(0, 1, 11)	1	0	150018	262384	18	17
(1, 0, 11)	2	0	315495	459836	26	26
(0, 2, 11)	2	0	891248	945436	55	55
(2, 0, 11)	0	0	991054	980252	110	110
(0, 3, 11)	2	0	892748	712666	54	54
(3, 0, 11)	1	0	372813	258930	23	22
(0, 4, 11)	1	0	203452	444840	25	24
(4, 0, 11)	2	0	645354	544411	30	30
(0, 5, 11)	1	0	246319	298574	26	25
(5, 0, 11)	2	0	67202	9018	12	12
(0, 6, 11)	1	0	191375	384447	25	24
(6, 0, 11)	2	0	282201	307076	21	21
(0, 7, 11)	1	0	36246	15095	14	13
(7, 0, 11)	2	4	78444	294059	12	12
(0, 8, 11)	2	0	900468	794872	46	46
(8, 0, 11)	1	0	730687	595076	31	30
(0, 9, 11)	2	0	809653	535262	42	42
(9, 0, 11)	1	0	101499	200853	21	20
(0, 10, 11)	1	0	87561	185101	17	16
(10, 0, 11)	2	0	130155	32902	13	13
(0, 11, 11)	1	0	50932	153241	12	11
(11, 0, 11)	2	0	456421	180094	18	18
(1, 2, 11)	1	0	378481	871860	33	32
(2, 1, 11)	0	0	991132	997148	110	110
(1, 3, 11)	2	0	399963	534803	28	28
(3, 1, 11)	1	0	308961	249307	23	22
(1, 4, 11)	1	0	113027	240969	17	16
(4, 1, 11)	2	0	505536	359414	28	28
(1, 5, 11)	1	0	593394	416012	35	34
(5, 1, 11)	2	0	68131	59609	16	16
(1, 6, 11)	1	0	256307	319293	21	20
(6, 1, 11)	2	0	757330	727035	49	49
(1, 7, 11)	1	0	44641	14848	14	13
(7, 1, 11)	2	0	221538	443630	35	35
(1, 8, 11)	2	0	372030	697857	26	26
(8, 1, 11)	1	0	650292	202117	19	18
(1, 9, 11)	2	0	766293	849869	55	55
(9, 1, 11)	0	0	889670	991732	110	110
(1, 10, 11)	1	0	454562	471420	29	28
(10, 1, 11)	2	0	133869	91036	14	14
(1, 11, 11)	1	0	176907	427191	15	14
(11, 1, 11)	2	0	510777	232414	23	23
(2, 3, 11)	2	0	855269	539028	31	31
(3, 2, 11)	0	0	971968	991091	110	110
(2, 4, 11)	1	0	675635	477782	22	21
(4, 2, 11)	2	0	510243	725759	32	32
(2, 5, 11)	1	0	756753	296965	25	24
(5, 2, 11)	2	0	68229	2530	16	16
(2, 6, 11)	1	0	563201	393657	24	23
(6, 2, 11)	2	0	735156	942594	40	40
(2, 7, 11)	1	0	179269	17062	14	13
(7, 2, 11)	2	0	355830	878818	36	36
(2, 8, 11)	0	0	991267	955238	110	110
(8, 2, 11)	1	0	599729	345323	19	18
(2, 9, 11)	0	0	990855	864351	110	110
(9, 2, 11)	2	0	227976	556828	27	27
(2, 10, 11)	1	0	380755	217063	16	15
(10, 2, 11)	2	0	592736	818685	38	38
(2, 11, 11)	1	0	260697	174368	13	12
(11, 2, 11)	2	0	431852	598361	18	18
(3, 4, 11)	1	0	436078	483745	24	23
(4, 3, 11)	2	0	524344	552824	32	32
(3, 5, 11)	1	0	505047	285931	29	28
(5, 3, 11)	2	0	95211	205711	16	16
(3, 6, 11)	1	0	435785	417488	25	24
(6, 3, 11)	2	0	416078	477822	31	31
(3, 7, 11)	1	0	80540	16478	14	13
(7, 3, 11)	2	0	363554	603548	42	42
(3, 8, 11)	0	0	978713	955370	110	110
(8, 3, 11)	1	0	822366	684821	42	41
(3, 9, 11)	1	0	743680	805997	52	51
(9, 3, 11)	0	0	896315	967931	110	110
(3, 10, 11)	1	0	431602	401056	33	32
(10, 3, 11)	2	0	389527	436901	32	32
(3, 11, 11)	1	0	246451	349796	15	14
(11, 3, 11)	2	0	688223	530329	33	33
(4, 5, 11)	2	0	700577	352291	38	38
(5, 4, 11)	2	0	93514	137483	12	12
(4, 6, 11)	1	0	395576	418377	19	18
(6, 4, 11)	1	0	213114	259064	16	15
(4, 7, 11)	1	0	64162	16158	14	13
(7, 4, 11)	1	0	221982	540303	24	23
(4, 8, 11)	2	0	684154	787486	37	37
(8, 4, 11)	1	0	672524	435392	22	21
(4, 9, 11)	2	0	421736	222705	23	23
(9, 4, 11)	1	0	196054	322806	18	17
(4, 10, 11)	1	0	328814	289204	20	19
(10, 4, 11)	2	0	129447	129399	13	13
(4, 11, 11)	1	0	161481	152682	12	11
(11, 4, 11)	2	0	371770	258919	15	15
(5, 6, 11)	2	0	93501	152317	12	12
(6, 5, 11)	2	0	510020	324890	34	34
(5, 7, 11)	2	0	94036	4574	15	15
(7, 5, 11)	1	0	100033	276647	28	27
(5, 8, 11)	2	0	94262	491531	14	14
(8, 5, 11)	1	0	677317	277893	21	20
(5, 9, 11)	2	0	94567	5915	16	16
(9, 5, 11)	1	0	182193	246509	21	20
(5, 10, 11)	2	0	72352	57400	14	14
(10, 5, 11)	2	0	466084	256106	33	33
(5, 11, 11)	2	0	94292	126340	13	13
(11, 5, 11)	2	0	319845	75892	15	15
(6, 7, 11)	1	0	101773	17198	14	13
(7, 6, 11)	1	0	169444	350526	22	21
(6, 8, 11)	2	0	866301	831269	49	49
(8, 6, 11)	1	0	568123	270147	16	15
(6, 9, 11)	2	0	533762	314606	30	30
(9, 6, 11)	1	0	196457	301447	19	18
(6, 10, 11)	1	0	323838	249508	20	19
(10, 6, 11)	0	0	920508	1000279	110	110
(6, 11, 11)	1	0	103681	174424	16	15
(11, 6, 11)	2	0	673341	498800	30	30
(7, 8, 11)	2	0	248866	726162	30	30
(8, 7, 11)	1	0	471294	16435	14	13
(7, 9, 11)	2	0	75368	118524	18	18
(9, 7, 11)	1	0	38068	13000	14	13
(7, 10, 11)	1	0	100336	282281	19	18
(10, 7, 11)	1	0	87711	20061	16	15
(7, 11, 11)	1	0	27573	151377	13	12
(11, 7, 11)	1	0	97920	12903	14	13
(8, 9, 11)	1	0	564381	204599	15	14
(9, 8, 11)	1	0	322653	651921	20	19
(8, 10, 11)	1	0	617692	265368	20	19
(10, 8, 11)	2	0	597406	739171	40	40
(8, 11, 11)	1	0	549985	348893	16	15
(11, 8, 11)	2	0	905401	760487	39	39
(9, 10, 11)	1	0	131930	273726	19	18
(10, 9, 11)	2	0	427870	328311	31	31
(9, 11, 11)	1	0	35086	175130	13	12
(11, 9, 11)	2	0	392590	256337	17	17
(10, 11, 11)	2	0	565294	799783	33	33
(11, 10, 11)	1	0	465980	291503	20	19
