                 0#E 1#Y 6#P 3#S 2#W 4#R 5#G 7#C 8#X 9#P
0#EMBRYO20.R         907 9991000100010001000100010001000
1#YIXIN18         92     986 999 99910001000100010001000
6#PENTAZEN20.15    0  13     999 999 9991000100010001000
3#SLOWRENJU20      0   0   0     513 947 999 999 9991000
2#WHOSE19          0   0   0 486     944 999 999 9991000
4#RENJUSOLVER.R    0   0   0  52  55     993 999 999 999
5#GOFIVE           0   0   0   0   0   6     961 999 999
7#CARBON17         0   0   0   0   0   0  38     998 999
8#XL               0   0   0   0   0   0   0   1     947
9#PELA17           0   0   0   0   0   0   0   0  52    
