(0, 1, 0)	2	0	108975	13900	15	15
(1, 0, 0)	2	0	232062	77728	15	15
(0, 2, 0)	2	0	106943	28347	16	16
(2, 0, 0)	2	0	188670	114436	19	19
(0, 3, 0)	2	0	148741	409426	21	21
(3, 0, 0)	2	0	236570	84243	14	14
(0, 4, 0)	2	0	107980	1044	15	15
(4, 0, 0)	2	0	95230	13136	11	11
(0, 5, 0)	2	0	114869	372192	17	17
(5, 0, 0)	2	0	229858	8721	10	10
(0, 6, 0)	2	0	108843	43590	15	15
(6, 0, 0)	2	0	506806	109153	20	20
(0, 7, 0)	1	1	152224	564425	17	16
(7, 0, 0)	2	0	215158	12966	11	11
(0, 8, 0)	2	0	114099	228399	17	17
(8, 0, 0)	2	0	77516	37126	9	9
(0, 9, 0)	2	0	107335	15736	16	16
(9, 0, 0)	2	0	717807	21559	14	14
(1, 2, 0)	1	0	480091	649583	32	31
(2, 1, 0)	2	0	170184	167945	17	17
(1, 3, 0)	1	1	521318	836370	36	35
(3, 1, 0)	2	0	238224	149841	14	14
(1, 4, 0)	2	0	227162	179793	17	17
(4, 1, 0)	2	0	95189	53525	16	16
(1, 5, 0)	1	0	323301	694799	24	23
(5, 1, 0)	2	0	238982	35377	13	13
(1, 6, 0)	1	0	576402	916536	47	46
(6, 1, 0)	2	0	774670	537880	38	38
(1, 7, 0)	1	0	100028	413837	23	22
(7, 1, 0)	2	0	176523	53981	12	12
(1, 8, 0)	1	0	223235	475412	28	27
(8, 1, 0)	2	0	76421	24330	9	9
(1, 9, 0)	1	0	163622	627724	13	12
(9, 1, 0)	2	0	674508	71937	15	15
(2, 3, 0)	1	0	538307	701867	30	29
(3, 2, 0)	2	0	241196	186695	14	14
(2, 4, 0)	2	0	147758	55708	16	16
(4, 2, 0)	2	0	108850	62399	13	13
(2, 5, 0)	2	0	239996	410923	20	20
(5, 2, 0)	1	0	412263	101121	17	16
(2, 6, 0)	2	0	171595	53360	16	16
(6, 2, 0)	1	0	588234	599373	36	35
(2, 7, 0)	1	0	226236	414159	19	18
(7, 2, 0)	2	0	224261	59538	13	13
(2, 8, 0)	1	0	460580	472797	26	25
(8, 2, 0)	2	0	92726	59412	11	11
(2, 9, 0)	1	0	106725	551771	12	11
(9, 2, 0)	2	0	702101	160427	14	14
(3, 4, 0)	2	0	238575	55684	15	15
(4, 3, 0)	2	0	90078	84327	12	12
(3, 5, 0)	1	0	457484	432788	24	23
(5, 3, 0)	2	0	240789	200763	14	14
(3, 6, 0)	2	0	238273	52551	14	14
(6, 3, 0)	1	0	632800	766965	33	32
(3, 7, 0)	1	1	320951	410531	16	15
(7, 3, 0)	2	0	176682	76540	13	13
(3, 8, 0)	1	0	491131	400912	25	24
(8, 3, 0)	2	0	77110	41466	9	9
(3, 9, 0)	1	0	315690	438763	9	8
(9, 3, 0)	2	0	656718	314120	12	12
(4, 5, 0)	2	0	95135	168481	11	11
(5, 4, 0)	2	0	239500	37376	18	18
(4, 6, 0)	2	0	109980	53748	11	11
(6, 4, 0)	2	0	357501	56006	16	16
(4, 7, 0)	2	0	94558	465337	11	11
(7, 4, 0)	2	0	127470	38514	12	12
(4, 8, 0)	1	0	232037	317032	20	19
(8, 4, 0)	2	0	84099	17724	10	10
(4, 9, 0)	1	0	37195	386923	10	9
(9, 4, 0)	2	0	701496	55950	14	14
(5, 6, 0)	2	0	235553	33688	10	10
(6, 5, 0)	1	0	831647	829018	42	41
(5, 7, 0)	2	0	338336	464837	18	18
(7, 5, 0)	2	0	214723	102871	11	11
(5, 8, 0)	2	0	253496	116866	14	14
(8, 5, 0)	2	0	92713	77434	11	11
(5, 9, 0)	1	0	619050	837151	19	18
(9, 5, 0)	2	0	750941	579698	15	15
(6, 7, 0)	1	0	342910	409994	19	18
(7, 6, 0)	2	0	225441	52558	15	15
(6, 8, 0)	1	0	617651	554923	34	33
(8, 6, 0)	2	0	92760	23293	11	11
(6, 9, 0)	1	0	263200	588828	12	11
(9, 6, 0)	2	0	645857	59499	14	14
(7, 8, 0)	2	0	237061	82908	11	11
(8, 7, 0)	2	0	155033	567104	11	11
(7, 9, 0)	1	0	447213	513307	11	10
(9, 7, 0)	2	0	684296	525226	12	12
(8, 9, 0)	1	0	232729	633181	14	13
(9, 8, 0)	1	0	733256	504906	35	34
(0, 1, 1)	0	0	994256	986348	98	97
(1, 0, 1)	2	0	241167	198498	22	22
(0, 2, 1)	2	0	196649	170573	22	22
(2, 0, 1)	2	0	411950	153059	20	20
(0, 3, 1)	1	1	257972	319038	17	16
(3, 0, 1)	2	0	312337	49847	13	13
(0, 4, 1)	1	0	333431	320122	31	30
(4, 0, 1)	2	0	162974	115415	16	16
(0, 5, 1)	1	0	117180	430930	20	19
(5, 0, 1)	2	0	547535	157302	16	16
(0, 6, 1)	0	0	989292	989344	98	97
(6, 0, 1)	2	0	713521	226594	27	27
(0, 7, 1)	1	0	297431	561636	26	25
(7, 0, 1)	2	0	453511	42916	14	14
(0, 8, 1)	1	0	60520	126842	13	12
(8, 0, 1)	2	0	385521	171777	21	21
(0, 9, 1)	1	0	371296	533802	13	12
(9, 0, 1)	2	0	634077	58066	12	12
(1, 2, 1)	1	0	322299	627627	29	28
(2, 1, 1)	2	0	385223	270879	19	19
(1, 3, 1)	1	0	429116	705168	28	27
(3, 1, 1)	2	0	312435	36870	15	15
(1, 4, 1)	1	0	276475	154592	21	20
(4, 1, 1)	2	0	181385	241352	25	25
(1, 5, 1)	1	0	130147	378293	14	13
(5, 1, 1)	2	0	528789	135075	13	13
(1, 6, 1)	1	0	463351	856053	42	41
(6, 1, 1)	2	0	627956	170521	24	24
(1, 7, 1)	1	0	538728	891502	47	46
(7, 1, 1)	2	0	458688	36309	14	14
(1, 8, 1)	1	0	86540	213967	14	13
(8, 1, 1)	2	0	319640	297890	22	22
(1, 9, 1)	1	0	73733	373109	12	11
(9, 1, 1)	2	0	706739	133632	15	15
(2, 3, 1)	2	0	536340	613970	29	29
(3, 2, 1)	2	0	334938	168855	14	14
(2, 4, 1)	1	0	301212	183770	17	16
(4, 2, 1)	2	0	179288	295827	17	17
(2, 5, 1)	1	1	308386	430515	18	17
(5, 2, 1)	2	0	625408	427712	18	18
(2, 6, 1)	2	0	329823	183998	19	19
(6, 2, 1)	1	0	488315	492439	26	25
(2, 7, 1)	1	0	557974	693161	33	32
(7, 2, 1)	2	0	376827	77429	13	13
(2, 8, 1)	1	0	201967	260120	18	17
(8, 2, 1)	1	0	380155	308946	27	26
(2, 9, 1)	1	0	149135	234464	6	5
(9, 2, 1)	2	0	624428	129227	12	12
(3, 4, 1)	2	0	315575	35713	14	14
(4, 3, 1)	2	0	178301	343133	17	17
(3, 5, 1)	1	0	736244	731300	26	25
(5, 3, 1)	2	0	737531	629681	21	21
(3, 6, 1)	2	0	361164	134900	14	14
(6, 3, 1)	1	0	776039	720241	32	31
(3, 7, 1)	2	0	347724	560479	13	13
(7, 3, 1)	2	0	422885	235138	15	15
(3, 8, 1)	2	0	317582	205293	13	13
(8, 3, 1)	2	0	262836	216565	13	13
(3, 9, 1)	1	0	509781	723273	18	17
(9, 3, 1)	2	0	716028	392418	15	15
(4, 5, 1)	1	0	275552	705561	31	30
(5, 4, 1)	2	0	430187	74732	12	12
(4, 6, 1)	2	0	273793	403002	27	27
(6, 4, 1)	1	0	205044	134546	14	13
(4, 7, 1)	1	1	477816	895855	34	33
(7, 4, 1)	2	0	453019	36805	14	14
(4, 8, 1)	1	0	109979	205194	11	10
(8, 4, 1)	2	0	383836	159860	16	16
(4, 9, 1)	1	0	212857	682302	17	16
(9, 4, 1)	2	0	734034	146431	18	18
(5, 6, 1)	2	0	708374	467628	23	23
(6, 5, 1)	1	0	217095	510523	16	15
(5, 7, 1)	1	1	369459	196501	11	10
(7, 5, 1)	1	0	890613	919194	38	37
(5, 8, 1)	1	0	744271	616004	36	35
(8, 5, 1)	2	0	190572	501908	12	12
(5, 9, 1)	1	0	438298	469560	10	9
(9, 5, 1)	2	0	895091	670553	25	25
(6, 7, 1)	1	0	356243	461042	16	15
(7, 6, 1)	2	0	379682	161665	14	14
(6, 8, 1)	1	0	160067	203588	12	11
(8, 6, 1)	2	0	345111	363321	22	22
(6, 9, 1)	1	0	572498	864674	22	21
(9, 6, 1)	2	0	705904	180095	14	14
(7, 8, 1)	1	0	622117	305548	24	23
(8, 7, 1)	2	0	239014	601776	15	15
(7, 9, 1)	1	0	576283	542694	13	12
(9, 7, 1)	1	0	837328	869193	38	37
(8, 9, 1)	2	0	495361	829729	36	36
(9, 8, 1)	1	0	786129	618167	30	29
(0, 1, 2)	1	0	112444	188550	16	15
(1, 0, 2)	2	0	806620	800278	39	39
(0, 2, 2)	1	0	144338	327880	18	17
(2, 0, 2)	2	0	798530	673789	42	42
(0, 3, 2)	1	0	330706	441044	22	21
(3, 0, 2)	2	0	686233	422073	32	32
(0, 4, 2)	1	0	544539	390984	37	36
(4, 0, 2)	2	0	423720	716714	39	39
(0, 5, 2)	1	0	155043	420415	16	15
(5, 0, 2)	2	0	459877	197165	24	24
(0, 6, 2)	1	0	278826	710238	27	26
(6, 0, 2)	2	1	790266	481322	35	35
(0, 7, 2)	1	0	343354	532987	21	20
(7, 0, 2)	2	0	834613	592422	42	42
(0, 8, 2)	1	0	215935	380796	18	17
(8, 0, 2)	2	0	188601	245196	12	12
(0, 9, 2)	1	0	130048	503589	12	11
(9, 0, 2)	2	0	735723	105655	15	15
(1, 2, 2)	1	0	121592	282821	18	17
(2, 1, 2)	2	0	763428	387303	43	43
(1, 3, 2)	1	0	143720	351591	19	18
(3, 1, 2)	2	0	774864	488041	30	30
(1, 4, 2)	1	0	74667	122657	13	12
(4, 1, 2)	1	0	178574	187932	20	19
(1, 5, 2)	1	0	147413	427179	17	16
(5, 1, 2)	2	0	458969	218549	24	24
(1, 6, 2)	1	0	112615	255210	15	14
(6, 1, 2)	2	0	702615	434046	30	30
(1, 7, 2)	1	0	76999	180366	14	13
(7, 1, 2)	2	1	481911	98751	15	15
(1, 8, 2)	1	0	298747	380637	23	22
(8, 1, 2)	2	4	224129	228486	10	10
(1, 9, 2)	1	0	136079	363903	12	11
(9, 1, 2)	2	0	737580	185752	20	20
(2, 3, 2)	1	0	330096	351577	18	17
(3, 2, 2)	2	1	444597	370194	10	10
(2, 4, 2)	1	0	147386	98647	12	11
(4, 2, 2)	1	0	196059	387493	21	20
(2, 5, 2)	1	0	181725	384869	20	19
(5, 2, 2)	2	0	593258	539047	23	23
(2, 6, 2)	2	0	521549	488239	29	29
(6, 2, 2)	1	0	403967	356537	19	18
(2, 7, 2)	1	0	132798	178713	13	12
(7, 2, 2)	1	0	557618	380910	20	19
(2, 8, 2)	1	0	446384	430648	26	25
(8, 2, 2)	2	0	334839	304621	17	17
(2, 9, 2)	1	0	638605	934282	36	35
(9, 2, 2)	2	0	367058	132684	7	7
(3, 4, 2)	1	0	332197	115926	14	13
(4, 3, 2)	2	0	307162	667487	28	28
(3, 5, 2)	1	0	470661	414999	17	16
(5, 3, 2)	2	1	516072	356113	20	20
(3, 6, 2)	1	0	712391	742346	33	32
(6, 3, 2)	1	0	238042	467895	22	21
(3, 7, 2)	1	0	279223	179409	14	13
(7, 3, 2)	2	0	301908	303854	14	14
(3, 8, 2)	1	0	504510	490662	27	26
(8, 3, 2)	2	0	434019	349801	19	19
(3, 9, 2)	1	0	507134	772956	17	16
(9, 3, 2)	2	0	368288	112054	7	7
(4, 5, 2)	1	0	306323	626787	27	26
(5, 4, 2)	2	0	567702	254768	30	30
(4, 6, 2)	1	0	214218	592445	25	24
(6, 4, 2)	1	0	358465	193845	23	22
(4, 7, 2)	1	0	54008	210027	14	13
(7, 4, 2)	1	0	739151	313190	26	25
(4, 8, 2)	1	0	200114	439614	25	24
(8, 4, 2)	2	0	379165	152664	20	20
(4, 9, 2)	1	0	55069	504343	13	12
(9, 4, 2)	2	0	632506	89394	13	13
(5, 6, 2)	2	0	460418	250129	24	24
(6, 5, 2)	1	0	626647	550644	29	28
(5, 7, 2)	1	0	244907	168911	5	4
(7, 5, 2)	1	0	853118	831454	38	37
(5, 8, 2)	2	0	542118	369472	27	27
(8, 5, 2)	2	0	272038	407892	19	19
(5, 9, 2)	1	0	457400	764729	17	16
(9, 5, 2)	2	0	898997	527220	27	27
(6, 7, 2)	1	0	100433	170001	5	4
(7, 6, 2)	2	0	403061	410895	20	20
(6, 8, 2)	1	0	495397	232513	17	16
(8, 6, 2)	2	0	345971	546656	18	18
(6, 9, 2)	1	0	331066	709352	20	19
(9, 6, 2)	2	0	512740	37142	9	9
(7, 8, 2)	1	0	557425	371200	20	19
(8, 7, 2)	1	0	54550	168138	5	4
(7, 9, 2)	1	0	541197	447460	13	12
(9, 7, 2)	2	0	515158	319341	9	9
(8, 9, 2)	2	3	884515	951753	80	79
(9, 8, 2)	2	0	878198	381345	27	27
(0, 1, 3)	1	0	82824	272230	21	20
(1, 0, 3)	2	0	323940	205420	15	15
(0, 2, 3)	1	0	78521	244123	16	15
(2, 0, 3)	2	0	100833	33702	14	14
(0, 3, 3)	1	1	434614	831933	29	28
(3, 0, 3)	2	0	371280	84053	14	14
(0, 4, 3)	1	0	432739	372519	32	31
(4, 0, 3)	2	0	95894	28493	10	10
(0, 5, 3)	1	0	70646	341226	11	10
(5, 0, 3)	2	0	233353	27431	11	11
(0, 6, 3)	1	0	783557	940374	58	57
(6, 0, 3)	2	0	722707	320378	38	38
(0, 7, 3)	1	0	61783	282656	13	12
(7, 0, 3)	2	0	438512	152203	17	17
(0, 8, 3)	1	0	167978	380064	20	19
(8, 0, 3)	2	0	138912	64961	13	13
(0, 9, 3)	1	0	30913	400247	8	7
(9, 0, 3)	2	0	486796	64489	11	11
(1, 2, 3)	1	0	123391	238657	18	17
(2, 1, 3)	2	0	100150	17687	15	15
(1, 3, 3)	1	0	231542	295662	14	13
(3, 1, 3)	2	0	247970	51097	13	13
(1, 4, 3)	1	1	686621	530500	47	46
(4, 1, 3)	2	0	95021	25287	10	10
(1, 5, 3)	1	0	187869	342065	13	12
(5, 1, 3)	2	0	233064	27514	11	11
(1, 6, 3)	1	1	843294	958055	74	73
(6, 1, 3)	2	0	674076	251527	24	24
(1, 7, 3)	1	0	172408	267277	15	14
(7, 1, 3)	2	0	549687	232574	32	32
(1, 8, 3)	1	0	267402	330473	19	18
(8, 1, 3)	2	0	143594	109348	18	18
(1, 9, 3)	1	0	89363	399602	8	7
(9, 1, 3)	2	0	460212	43423	14	14
(2, 3, 3)	2	0	626336	709690	33	33
(3, 2, 3)	1	0	796227	741401	42	41
(2, 4, 3)	2	0	337163	161807	20	20
(4, 2, 3)	2	0	95339	86995	11	11
(2, 5, 3)	1	0	420354	441844	31	30
(5, 2, 3)	2	0	232821	44323	11	11
(2, 6, 3)	2	0	565392	637248	30	30
(6, 2, 3)	1	0	346882	252068	18	17
(2, 7, 3)	1	0	72687	223995	13	12
(7, 2, 3)	1	0	961567	919238	60	59
(2, 8, 3)	1	0	325483	218060	19	18
(8, 2, 3)	2	0	292484	298451	15	15
(2, 9, 3)	1	0	97283	488303	11	10
(9, 2, 3)	2	0	901298	459869	29	29
(3, 4, 3)	2	0	247239	55785	13	13
(4, 3, 3)	2	0	111928	184224	13	13
(3, 5, 3)	1	0	546352	655951	29	28
(5, 3, 3)	2	0	335353	63636	12	12
(3, 6, 3)	2	0	249167	91251	12	12
(6, 3, 3)	1	1	601008	628935	19	18
(3, 7, 3)	1	0	621794	746080	28	27
(7, 3, 3)	2	0	353071	267674	16	16
(3, 8, 3)	2	0	350526	160365	17	17
(8, 3, 3)	2	0	130647	125193	10	10
(3, 9, 3)	1	0	235652	487989	11	10
(9, 3, 3)	2	0	380829	189368	9	9
(4, 5, 3)	1	0	160177	331757	17	16
(5, 4, 3)	2	0	335914	20525	11	11
(4, 6, 3)	2	0	95253	40460	10	10
(6, 4, 3)	1	0	399610	123517	13	12
(4, 7, 3)	2	0	135328	492127	15	15
(7, 4, 3)	2	0	381194	92476	16	16
(4, 8, 3)	2	0	95160	137068	10	10
(8, 4, 3)	2	0	130691	40094	10	10
(4, 9, 3)	1	0	18123	440152	9	8
(9, 4, 3)	2	0	369608	55998	11	11
(5, 6, 3)	2	0	232342	45554	11	11
(6, 5, 3)	1	0	431409	485207	15	14
(5, 7, 3)	2	0	262040	192661	10	10
(7, 5, 3)	1	0	431341	341909	11	10
(5, 8, 3)	2	0	233293	41216	11	11
(8, 5, 3)	2	0	189162	271127	14	14
(5, 9, 3)	1	0	207957	454978	8	7
(9, 5, 3)	1	1	954146	933808	46	45
(6, 7, 3)	1	0	287190	267215	15	14
(7, 6, 3)	2	0	349977	259745	16	16
(6, 8, 3)	1	0	668912	319503	17	16
(8, 6, 3)	2	0	229375	210316	16	16
(6, 9, 3)	1	0	166336	341111	8	7
(9, 6, 3)	2	0	385368	196631	11	11
(7, 8, 3)	2	0	416418	307407	20	20
(8, 7, 3)	2	0	130835	377055	10	10
(7, 9, 3)	1	0	296613	346866	8	7
(9, 7, 3)	0	0	985800	997919	98	97
(8, 9, 3)	1	0	104455	573410	11	10
(9, 8, 3)	2	0	379304	89016	9	9
(0, 1, 4)	1	0	126755	175871	16	15
(1, 0, 4)	2	0	239989	45523	10	10
(0, 2, 4)	1	0	125113	329584	20	19
(2, 0, 4)	2	0	119621	56436	14	14
(0, 3, 4)	1	1	280341	509972	21	20
(3, 0, 4)	2	0	202111	39680	9	9
(0, 4, 4)	1	0	407194	224447	21	20
(4, 0, 4)	2	0	111380	51520	10	10
(0, 5, 4)	1	1	182611	376880	13	12
(5, 0, 4)	2	0	181694	26444	8	8
(0, 6, 4)	1	1	361078	342907	15	14
(6, 0, 4)	2	0	447520	69462	15	15
(0, 7, 4)	1	0	275464	474060	23	22
(7, 0, 4)	2	0	153967	37036	12	12
(0, 8, 4)	1	0	201108	286142	15	14
(8, 0, 4)	2	0	138152	38365	8	8
(0, 9, 4)	1	0	184517	533387	12	11
(9, 0, 4)	2	0	590882	49978	13	13
(1, 2, 4)	1	1	372221	310516	19	18
(2, 1, 4)	2	0	165482	62015	15	15
(1, 3, 4)	2	0	226726	178620	11	11
(3, 1, 4)	2	0	277784	83690	16	16
(1, 4, 4)	1	0	40692	60281	10	9
(4, 1, 4)	2	0	120581	83570	13	13
(1, 5, 4)	2	0	202031	461430	19	19
(5, 1, 4)	2	0	194943	21270	8	8
(1, 6, 4)	2	0	131336	190612	11	11
(6, 1, 4)	1	0	235973	138183	15	14
(1, 7, 4)	1	0	42461	277331	15	14
(7, 1, 4)	2	0	361571	58902	15	15
(1, 8, 4)	1	0	61994	79717	11	10
(8, 1, 4)	2	0	152343	67075	10	10
(1, 9, 4)	1	0	150821	479092	8	7
(9, 1, 4)	2	0	743436	217299	17	17
(2, 3, 4)	2	0	190820	226814	15	15
(3, 2, 4)	2	0	290951	159093	12	12
(2, 4, 4)	2	0	110127	36943	13	13
(4, 2, 4)	2	0	130025	70511	11	11
(2, 5, 4)	2	0	202093	419303	15	15
(5, 2, 4)	2	0	195053	28967	8	8
(2, 6, 4)	2	0	145372	57708	14	14
(6, 2, 4)	2	0	397367	217713	18	18
(2, 7, 4)	1	0	117967	307039	12	11
(7, 2, 4)	2	0	200829	68066	15	15
(2, 8, 4)	2	0	191405	129534	15	15
(8, 2, 4)	2	0	170692	76832	10	10
(2, 9, 4)	1	0	54741	96924	8	7
(9, 2, 4)	2	0	341367	128195	10	10
(3, 4, 4)	1	0	152339	54114	11	10
(4, 3, 4)	2	0	119886	122447	11	11
(3, 5, 4)	1	0	659558	604321	21	20
(5, 3, 4)	2	0	195194	45375	9	9
(3, 6, 4)	2	0	166016	105420	10	10
(6, 3, 4)	1	0	386343	487379	14	13
(3, 7, 4)	1	0	155729	307089	14	13
(7, 3, 4)	2	0	358760	109740	14	14
(3, 8, 4)	1	4	160528	84515	5	4
(8, 3, 4)	2	0	152009	187963	11	11
(3, 9, 4)	2	0	215105	143464	11	11
(9, 3, 4)	2	0	555757	185974	13	13
(4, 5, 4)	2	0	120821	295694	16	16
(5, 4, 4)	2	0	186254	17534	7	7
(4, 6, 4)	2	0	116366	139337	11	11
(6, 4, 4)	1	0	157583	111163	14	13
(4, 7, 4)	1	0	54483	293581	14	13
(7, 4, 4)	1	0	441079	58432	9	8
(4, 8, 4)	1	0	75811	215745	12	11
(8, 4, 4)	2	0	144484	36551	10	10
(4, 9, 4)	1	0	54867	97331	10	9
(9, 4, 4)	2	0	563141	89558	12	12
(5, 6, 4)	2	0	181773	104488	11	11
(6, 5, 4)	1	0	131616	171532	9	8
(5, 7, 4)	1	0	393248	283853	12	11
(7, 5, 4)	2	0	154878	188177	13	13
(5, 8, 4)	2	0	194372	55000	9	9
(8, 5, 4)	2	0	167844	288276	14	14
(5, 9, 4)	1	0	169438	172779	9	8
(9, 5, 4)	2	0	468257	378112	10	10
(6, 7, 4)	1	0	191853	170032	16	15
(7, 6, 4)	2	0	258356	141746	15	15
(6, 8, 4)	1	0	128757	101297	12	11
(8, 6, 4)	2	0	188161	47651	10	10
(6, 9, 4)	1	0	128131	296779	10	9
(9, 6, 4)	2	0	665969	402879	12	12
(7, 8, 4)	1	0	436066	125619	10	9
(8, 7, 4)	2	0	208274	371171	11	11
(7, 9, 4)	2	0	196860	143016	17	17
(9, 7, 4)	1	0	793724	817043	33	32
(8, 9, 4)	1	0	126601	605314	15	14
(9, 8, 4)	2	0	769008	256460	19	19
(0, 1, 5)	1	0	559370	500584	33	32
(1, 0, 5)	2	0	658029	727674	43	43
(0, 2, 5)	1	0	124663	300123	18	17
(2, 0, 5)	2	0	618347	398534	36	36
(0, 3, 5)	1	0	119915	481295	18	17
(3, 0, 5)	2	0	753393	510671	37	37
(0, 4, 5)	1	0	46300	85618	12	11
(4, 0, 5)	2	0	502035	683078	48	48
(0, 5, 5)	1	0	129641	528241	13	12
(5, 0, 5)	2	0	770080	262395	26	26
(0, 6, 5)	1	0	154674	461158	22	21
(6, 0, 5)	2	0	843397	377046	35	35
(0, 7, 5)	1	0	45411	193318	11	10
(7, 0, 5)	2	0	537681	214685	18	18
(0, 8, 5)	1	0	53312	145727	12	11
(8, 0, 5)	2	4	323122	173758	15	15
(0, 9, 5)	1	0	45123	395322	11	10
(9, 0, 5)	2	0	713553	119510	17	17
(1, 2, 5)	1	0	269587	253188	21	20
(2, 1, 5)	2	0	337292	177385	20	20
(1, 3, 5)	1	0	185137	494110	19	18
(3, 1, 5)	2	0	773172	395084	33	33
(1, 4, 5)	1	0	82712	57242	12	11
(4, 1, 5)	2	0	280215	397496	29	29
(1, 5, 5)	1	0	269739	517094	16	15
(5, 1, 5)	2	0	722343	369884	27	27
(1, 6, 5)	1	0	806365	907223	48	47
(6, 1, 5)	2	0	907958	637421	47	47
(1, 7, 5)	1	0	81052	193714	14	13
(7, 1, 5)	2	0	306972	212061	15	15
(1, 8, 5)	1	0	105004	145422	13	12
(8, 1, 5)	2	0	434478	332195	25	25
(1, 9, 5)	1	0	82506	482403	14	13
(9, 1, 5)	2	0	684791	208171	15	15
(2, 3, 5)	2	0	284065	521742	23	23
(3, 2, 5)	2	0	821884	608525	35	35
(2, 4, 5)	1	0	72745	61456	11	10
(4, 2, 5)	2	1	331637	546254	28	28
(2, 5, 5)	1	0	172129	441906	13	12
(5, 2, 5)	2	0	514971	280838	16	16
(2, 6, 5)	2	1	607042	646557	32	32
(6, 2, 5)	1	0	500880	276948	18	17
(2, 7, 5)	1	0	237992	348717	16	15
(7, 2, 5)	2	0	486611	172477	19	19
(2, 8, 5)	2	1	598311	310051	22	22
(8, 2, 5)	2	1	357018	316856	20	20
(2, 9, 5)	1	0	70896	463180	13	12
(9, 2, 5)	2	0	454440	92201	9	9
(3, 4, 5)	1	0	197183	58177	11	10
(4, 3, 5)	1	0	597904	948133	57	56
(3, 5, 5)	1	0	422559	486521	12	11
(5, 3, 5)	2	0	715898	581780	29	29
(3, 6, 5)	2	1	759387	643040	32	32
(6, 3, 5)	2	0	934551	822585	43	43
(3, 7, 5)	1	0	210540	192476	14	13
(7, 3, 5)	2	1	468975	141058	14	14
(3, 8, 5)	1	0	166552	145318	12	11
(8, 3, 5)	2	0	474491	495703	25	25
(3, 9, 5)	1	0	198332	482239	14	13
(9, 3, 5)	2	0	811113	606609	21	21
(4, 5, 5)	1	0	382038	833000	38	37
(5, 4, 5)	2	0	288816	58033	13	13
(4, 6, 5)	2	0	175210	297296	20	20
(6, 4, 5)	1	0	115916	58237	11	10
(4, 7, 5)	1	0	111240	362777	16	15
(7, 4, 5)	2	0	472008	54582	19	19
(4, 8, 5)	1	0	126048	154552	18	17
(8, 4, 5)	2	3	682863	270051	21	20
(4, 9, 5)	1	0	39139	463200	12	11
(9, 4, 5)	1	0	345714	96103	16	15
(5, 6, 5)	2	0	574900	492317	17	17
(6, 5, 5)	1	0	287179	547268	17	16
(5, 7, 5)	1	0	283501	191749	14	13
(7, 5, 5)	2	1	666215	513700	21	21
(5, 8, 5)	1	0	368877	153363	17	16
(8, 5, 5)	2	0	419134	490157	30	30
(5, 9, 5)	1	0	285797	481962	14	13
(9, 5, 5)	2	0	631501	323109	9	9
(6, 7, 5)	1	0	114127	192011	14	13
(7, 6, 5)	2	0	470924	73715	16	16
(6, 8, 5)	1	0	195920	167538	13	12
(8, 6, 5)	2	0	392726	353893	20	20
(6, 9, 5)	1	0	114576	413290	14	13
(9, 6, 5)	2	0	426880	165854	8	8
(7, 8, 5)	1	0	537070	246293	14	13
(8, 7, 5)	2	0	727830	893767	41	41
(7, 9, 5)	1	0	482758	344584	11	10
(9, 7, 5)	1	0	146656	148807	13	12
(8, 9, 5)	2	3	925440	921346	88	87
(9, 8, 5)	1	0	147520	240494	16	15
(0, 1, 6)	1	0	198386	233127	17	16
(1, 0, 6)	0	0	977254	987858	98	97
(0, 2, 6)	1	1	68455	240458	15	14
(2, 0, 6)	2	0	407194	341343	24	24
(0, 3, 6)	1	1	98784	413060	15	14
(3, 0, 6)	2	0	815779	618558	33	33
(0, 4, 6)	1	1	113710	211833	14	13
(4, 0, 6)	2	0	208340	117832	20	20
(0, 5, 6)	1	0	67083	386232	16	15
(5, 0, 6)	2	0	728654	268600	24	24
(0, 6, 6)	0	0	988531	988911	98	97
(6, 0, 6)	0	0	989248	990326	98	97
(0, 7, 6)	1	1	67744	300199	15	14
(7, 0, 6)	0	0	998796	987810	98	97
(0, 8, 6)	1	0	87318	164502	12	11
(8, 0, 6)	2	0	298319	46454	14	14
(0, 9, 6)	1	0	62830	518486	8	7
(9, 0, 6)	2	0	618469	21809	13	13
(1, 2, 6)	1	1	528514	677550	47	46
(2, 1, 6)	2	0	454020	268836	22	22
(1, 3, 6)	1	1	187552	413929	17	16
(3, 1, 6)	2	0	344047	255546	15	15
(1, 4, 6)	1	0	200875	197718	26	25
(4, 1, 6)	2	0	247257	301007	17	17
(1, 5, 6)	1	0	379559	621710	24	23
(5, 1, 6)	2	0	616043	209204	20	20
(1, 6, 6)	1	0	207080	675259	33	32
(6, 1, 6)	1	0	905400	721108	45	44
(1, 7, 6)	1	1	327821	546009	23	22
(7, 1, 6)	2	0	447952	187010	20	20
(1, 8, 6)	1	0	96300	165188	12	11
(8, 1, 6)	2	0	234487	165683	14	14
(1, 9, 6)	1	0	118827	537858	9	8
(9, 1, 6)	2	0	471850	39504	10	10
(2, 3, 6)	1	0	266750	355197	12	11
(3, 2, 6)	1	0	870340	829523	48	47
(2, 4, 6)	1	0	531080	265825	21	20
(4, 2, 6)	1	0	247884	490679	27	26
(2, 5, 6)	1	0	353716	473753	14	13
(5, 2, 6)	2	0	452377	196675	16	16
(2, 6, 6)	2	0	356680	365125	20	20
(6, 2, 6)	1	0	337124	402668	20	19
(2, 7, 6)	1	0	281169	418218	17	16
(7, 2, 6)	2	0	371034	196661	16	16
(2, 8, 6)	1	0	160845	209134	14	13
(8, 2, 6)	2	0	262242	181725	17	17
(2, 9, 6)	1	0	184691	609319	12	11
(9, 2, 6)	2	0	526845	106696	13	13
(3, 4, 6)	2	0	723556	246009	32	32
(4, 3, 6)	1	1	449169	963826	48	47
(3, 5, 6)	2	0	480686	481190	19	19
(5, 3, 6)	1	0	678264	700663	31	30
(3, 6, 6)	2	0	378988	362024	22	22
(6, 3, 6)	1	1	207182	411197	15	14
(3, 7, 6)	1	0	661127	592417	27	26
(7, 3, 6)	1	0	792233	641787	25	24
(3, 8, 6)	2	0	197506	185377	13	13
(8, 3, 6)	2	0	207555	211740	17	17
(3, 9, 6)	1	0	195447	517844	8	7
(9, 3, 6)	2	0	432749	88653	10	10
(4, 5, 6)	1	0	231882	629213	26	25
(5, 4, 6)	2	0	385861	93911	13	13
(4, 6, 6)	2	0	233931	446212	20	20
(6, 4, 6)	1	0	401588	245733	19	18
(4, 7, 6)	1	0	94880	370619	16	15
(7, 4, 6)	2	0	600900	75052	19	19
(4, 8, 6)	1	1	55407	196712	9	8
(8, 4, 6)	2	0	244444	73495	20	20
(4, 9, 6)	1	0	473898	947837	41	40
(9, 4, 6)	2	0	613772	77690	13	13
(5, 6, 6)	2	0	796464	741717	29	29
(6, 5, 6)	1	0	262700	356285	18	17
(5, 7, 6)	1	0	542090	407579	20	19
(7, 5, 6)	2	0	342105	372668	14	14
(5, 8, 6)	1	1	282282	134858	9	8
(8, 5, 6)	2	0	359679	642460	21	21
(5, 9, 6)	1	0	423032	539768	11	10
(9, 5, 6)	2	0	526460	274645	13	13
(6, 7, 6)	1	1	218069	497987	15	14
(7, 6, 6)	2	0	603386	467957	25	25
(6, 8, 6)	1	0	183873	160589	13	12
(8, 6, 6)	2	0	267779	282349	17	17
(6, 9, 6)	1	0	328649	709269	16	15
(9, 6, 6)	2	0	656255	52344	13	13
(7, 8, 6)	1	0	374759	165038	12	11
(8, 7, 6)	2	0	352754	504347	19	19
(7, 9, 6)	1	0	954450	950227	46	45
(9, 7, 6)	2	0	601812	423922	12	12
(8, 9, 6)	1	0	126362	542463	10	9
(9, 8, 6)	1	0	727887	524405	35	34
(0, 1, 7)	2	0	883400	634233	37	37
(1, 0, 7)	2	0	366454	387061	23	23
(0, 2, 7)	1	0	79734	132481	14	13
(2, 0, 7)	2	1	624513	621163	30	30
(0, 3, 7)	1	0	105669	351495	18	17
(3, 0, 7)	2	1	736278	482485	30	30
(0, 4, 7)	1	0	106443	127697	15	14
(4, 0, 7)	2	1	280841	317093	22	22
(0, 5, 7)	1	0	86265	343885	13	12
(5, 0, 7)	2	0	592773	247093	24	24
(0, 6, 7)	1	0	185529	661662	23	22
(6, 0, 7)	2	0	791140	573702	30	30
(0, 7, 7)	1	0	85194	459032	15	14
(7, 0, 7)	2	0	448927	295094	19	19
(0, 8, 7)	1	0	64481	187546	12	11
(8, 0, 7)	2	1	318061	199332	19	19
(0, 9, 7)	1	0	71332	428384	10	9
(9, 0, 7)	2	0	428172	65628	9	9
(1, 2, 7)	1	0	111983	213035	16	15
(2, 1, 7)	2	0	400323	207365	21	21
(1, 3, 7)	1	0	145638	153323	16	15
(3, 1, 7)	2	1	704819	393055	24	24
(1, 4, 7)	1	0	83376	119422	13	12
(4, 1, 7)	2	0	406206	436652	37	37
(1, 5, 7)	1	0	56060	224914	8	7
(5, 1, 7)	2	0	565969	111111	18	18
(1, 6, 7)	1	0	293636	396710	22	21
(6, 1, 7)	1	0	459499	389747	23	22
(1, 7, 7)	1	0	131180	245403	13	12
(7, 1, 7)	2	0	561540	268445	20	20
(1, 8, 7)	1	0	225452	363373	19	18
(8, 1, 7)	2	0	461384	373087	23	23
(1, 9, 7)	1	0	72816	531957	16	15
(9, 1, 7)	2	0	454348	55437	10	10
(2, 3, 7)	1	0	122404	190151	12	11
(3, 2, 7)	2	1	851466	677041	45	45
(2, 4, 7)	1	0	126709	117591	13	12
(4, 2, 7)	2	1	622930	876637	57	57
(2, 5, 7)	1	0	88531	353775	15	14
(5, 2, 7)	1	0	344283	150843	16	15
(2, 6, 7)	2	0	646125	489404	30	30
(6, 2, 7)	1	0	336478	218852	18	17
(2, 7, 7)	1	0	374894	592681	21	20
(7, 2, 7)	2	0	308131	187810	18	18
(2, 8, 7)	1	0	381684	276538	17	16
(8, 2, 7)	2	0	390562	398981	18	18
(2, 9, 7)	2	0	360334	846914	29	29
(9, 2, 7)	2	0	431790	138401	11	11
(3, 4, 7)	1	0	151749	118045	13	12
(4, 3, 7)	2	0	379312	697591	27	27
(3, 5, 7)	1	0	94996	358029	11	10
(5, 3, 7)	1	0	337293	208079	14	13
(3, 6, 7)	2	0	631017	363694	19	19
(6, 3, 7)	1	0	70053	152677	12	11
(3, 7, 7)	1	0	265634	244939	14	13
(7, 3, 7)	2	0	662590	624918	23	23
(3, 8, 7)	1	0	404060	336343	20	19
(8, 3, 7)	2	0	321338	422218	21	21
(3, 9, 7)	1	0	114280	496421	10	9
(9, 3, 7)	2	0	561769	186243	11	11
(4, 5, 7)	1	0	290403	662256	27	26
(5, 4, 7)	1	0	377586	121285	14	13
(4, 6, 7)	2	1	175769	243432	13	13
(6, 4, 7)	1	0	62017	108468	13	12
(4, 7, 7)	1	0	53422	315617	12	11
(7, 4, 7)	1	0	645021	168639	16	15
(4, 8, 7)	1	0	194918	274152	18	17
(8, 4, 7)	2	0	351529	227571	23	23
(4, 9, 7)	0	0	876567	964200	98	98
(9, 4, 7)	2	0	374470	34797	9	9
(5, 6, 7)	2	1	664121	345842	20	20
(6, 5, 7)	1	0	56812	226010	9	8
(5, 7, 7)	1	0	345682	323899	14	13
(7, 5, 7)	2	0	613570	658467	24	24
(5, 8, 7)	1	0	381188	249875	19	18
(8, 5, 7)	1	0	105086	206632	11	10
(5, 9, 7)	1	0	708442	734970	26	25
(9, 5, 7)	2	0	366153	379176	12	12
(6, 7, 7)	1	0	137316	267539	14	13
(7, 6, 7)	2	0	311419	258866	14	14
(6, 8, 7)	1	0	251146	282705	19	18
(8, 6, 7)	2	0	336089	437327	19	19
(6, 9, 7)	1	0	129108	423492	11	10
(9, 6, 7)	2	0	476603	185955	10	10
(7, 8, 7)	1	0	647186	400409	19	18
(8, 7, 7)	2	0	438751	641977	24	24
(7, 9, 7)	1	0	798113	918011	32	31
(9, 7, 7)	2	0	579199	673893	14	14
(8, 9, 7)	1	0	182973	472992	13	12
(9, 8, 7)	2	0	367516	175542	11	11
(0, 1, 8)	1	0	311087	447779	19	18
(1, 0, 8)	2	0	555227	339382	29	29
(0, 2, 8)	1	1	348448	553418	27	26
(2, 0, 8)	2	0	471079	222733	21	21
(0, 3, 8)	1	0	311177	404900	19	18
(3, 0, 8)	2	0	486236	128641	21	21
(0, 4, 8)	1	0	264685	243606	21	20
(4, 0, 8)	2	0	117254	17475	13	13
(0, 5, 8)	1	1	309876	547998	20	19
(5, 0, 8)	2	0	489443	105716	19	19
(0, 6, 8)	0	0	988101	989073	98	97
(6, 0, 8)	0	0	989174	992062	98	97
(0, 7, 8)	1	0	140950	309648	14	13
(7, 0, 8)	2	0	476087	99656	16	16
(0, 8, 8)	1	0	272411	380354	21	20
(8, 0, 8)	2	0	148636	141102	14	14
(0, 9, 8)	1	0	222766	560056	16	15
(9, 0, 8)	2	0	561183	35819	14	14
(1, 2, 8)	1	1	101384	196550	15	14
(2, 1, 8)	2	0	644751	478918	39	39
(1, 3, 8)	1	0	59114	320591	21	20
(3, 1, 8)	2	0	409245	133200	14	14
(1, 4, 8)	1	0	406953	359973	30	29
(4, 1, 8)	2	0	129241	91253	16	16
(1, 5, 8)	1	0	147632	349698	18	17
(5, 1, 8)	2	0	558559	218947	15	15
(1, 6, 8)	1	0	381137	355441	36	35
(6, 1, 8)	2	0	793958	509194	35	35
(1, 7, 8)	1	0	93825	362725	18	17
(7, 1, 8)	2	0	441849	150259	18	18
(1, 8, 8)	1	1	118745	260523	15	14
(8, 1, 8)	2	0	472508	452739	21	21
(1, 9, 8)	1	0	109103	525084	17	16
(9, 1, 8)	2	0	506023	58563	12	12
(2, 3, 8)	2	0	961104	927888	65	65
(3, 2, 8)	1	0	867952	844538	48	47
(2, 4, 8)	2	0	304260	128149	20	20
(4, 2, 8)	2	0	129022	105276	14	14
(2, 5, 8)	2	0	363118	571685	20	20
(5, 2, 8)	0	0	988975	998151	98	97
(2, 6, 8)	2	0	867503	855555	50	50
(6, 2, 8)	1	1	534245	597954	29	28
(2, 7, 8)	1	0	186487	378647	16	15
(7, 2, 8)	2	0	635128	305003	23	23
(2, 8, 8)	1	0	381544	284148	17	16
(8, 2, 8)	2	0	135203	165251	12	12
(2, 9, 8)	1	0	224563	501387	15	14
(9, 2, 8)	2	0	579964	75117	16	16
(3, 4, 8)	1	1	869497	552201	45	44
(4, 3, 8)	2	0	136560	220934	15	15
(3, 5, 8)	1	0	288744	457907	16	15
(5, 3, 8)	2	0	633520	568978	25	25
(3, 6, 8)	2	0	414792	330527	14	14
(6, 3, 8)	1	1	837678	816716	37	36
(3, 7, 8)	1	1	416817	451639	20	19
(7, 3, 8)	2	0	372487	261843	17	17
(3, 8, 8)	2	0	561961	291400	26	26
(8, 3, 8)	2	0	299906	374501	15	15
(3, 9, 8)	1	0	548295	757307	19	18
(9, 3, 8)	2	0	906080	867676	37	37
(4, 5, 8)	2	0	114630	381807	14	14
(5, 4, 8)	2	0	559384	214359	23	23
(4, 6, 8)	2	0	112974	168686	13	13
(6, 4, 8)	1	1	710982	347810	25	24
(4, 7, 8)	2	0	102729	484730	11	11
(7, 4, 8)	2	0	377699	111809	17	17
(4, 8, 8)	2	0	171555	225082	14	14
(8, 4, 8)	2	0	224670	94262	12	12
(4, 9, 8)	1	0	58939	312354	9	8
(9, 4, 8)	2	0	766006	129537	16	16
(5, 6, 8)	2	0	489316	258363	19	19
(6, 5, 8)	1	0	347344	535328	16	15
(5, 7, 8)	2	0	157807	237932	14	14
(7, 5, 8)	1	0	914488	944489	46	45
(5, 8, 8)	1	1	446572	181336	12	11
(8, 5, 8)	2	0	294540	462513	19	19
(5, 9, 8)	1	0	421098	608924	13	12
(9, 5, 8)	2	0	794514	439563	21	21
(6, 7, 8)	1	0	402760	490630	20	19
(7, 6, 8)	2	0	252259	303143	13	13
(6, 8, 8)	1	0	491597	444766	24	23
(8, 6, 8)	2	0	128002	218018	13	13
(6, 9, 8)	1	0	461889	552949	14	13
(9, 6, 8)	2	0	505820	183603	12	12
(7, 8, 8)	1	0	727778	403198	23	22
(8, 7, 8)	1	0	187090	458253	19	18
(7, 9, 8)	1	0	792888	723525	19	18
(9, 7, 8)	2	0	958572	933596	41	41
(8, 9, 8)	2	0	323009	384935	23	23
(9, 8, 8)	1	0	921817	513901	33	32
(0, 1, 9)	1	0	141331	194668	15	14
(1, 0, 9)	2	0	186560	73627	16	16
(0, 2, 9)	1	1	708094	723682	38	37
(2, 0, 9)	2	0	54836	54911	8	8
(0, 3, 9)	2	0	620115	671679	30	30
(3, 0, 9)	2	0	392936	42908	15	15
(0, 4, 9)	1	0	114744	57509	9	8
(4, 0, 9)	2	0	135141	30571	12	12
(0, 5, 9)	1	0	141475	318290	14	13
(5, 0, 9)	2	0	299358	30515	12	12
(0, 6, 9)	1	0	182624	393143	21	20
(6, 0, 9)	2	0	172752	140097	18	18
(0, 7, 9)	1	0	110032	256268	12	11
(7, 0, 9)	2	0	357917	41707	12	12
(0, 8, 9)	1	1	155216	170718	9	8
(8, 0, 9)	2	0	227025	129691	12	12
(0, 9, 9)	1	0	222522	388508	12	11
(9, 0, 9)	2	0	437969	18284	11	11
(1, 2, 9)	1	0	121440	175149	14	13
(2, 1, 9)	2	0	81249	21647	8	8
(1, 3, 9)	1	0	64747	155193	8	7
(3, 1, 9)	2	0	336681	87321	14	14
(1, 4, 9)	1	1	67276	74100	5	4
(4, 1, 9)	2	0	144440	63348	12	12
(1, 5, 9)	1	1	60503	344501	16	15
(5, 1, 9)	2	0	319060	53832	12	12
(1, 6, 9)	1	0	297601	369723	24	23
(6, 1, 9)	2	0	173820	72670	20	20
(1, 7, 9)	1	0	89811	135059	11	10
(7, 1, 9)	2	0	297350	63708	12	12
(1, 8, 9)	1	0	69563	231319	19	18
(8, 1, 9)	2	0	140969	48194	10	10
(1, 9, 9)	1	0	60301	386533	10	9
(9, 1, 9)	2	0	466359	33516	12	12
(2, 3, 9)	1	0	324908	572344	23	22
(3, 2, 9)	2	0	401730	138783	19	19
(2, 4, 9)	1	0	241308	154570	15	14
(4, 2, 9)	2	0	136979	68694	14	14
(2, 5, 9)	1	0	461862	546644	20	19
(5, 2, 9)	1	0	442640	124369	15	14
(2, 6, 9)	1	0	277386	448880	24	23
(6, 2, 9)	1	0	134686	168212	15	14
(2, 7, 9)	1	0	73448	136102	11	10
(7, 2, 9)	2	0	353390	96280	12	12
(2, 8, 9)	1	0	108119	168515	13	12
(8, 2, 9)	2	0	128042	71076	11	11
(2, 9, 9)	1	0	152093	504092	12	11
(9, 2, 9)	2	0	463436	72560	16	16
(3, 4, 9)	1	0	170308	89395	14	13
(4, 3, 9)	2	0	133062	152794	12	12
(3, 5, 9)	1	0	170227	275040	10	9
(5, 3, 9)	2	0	299125	113484	12	12
(3, 6, 9)	2	0	357022	242234	13	13
(6, 3, 9)	1	1	124149	295454	13	12
(3, 7, 9)	1	0	196454	275035	12	11
(7, 3, 9)	2	0	299922	127202	12	12
(3, 8, 9)	2	0	476901	116440	22	22
(8, 3, 9)	2	0	127858	117473	11	11
(3, 9, 9)	1	0	181142	635114	14	13
(9, 3, 9)	2	0	450217	129160	12	12
(4, 5, 9)	2	0	135478	244524	17	17
(5, 4, 9)	2	0	374258	17659	10	10
(4, 6, 9)	2	0	122537	63629	16	16
(6, 4, 9)	1	0	153736	111542	12	11
(4, 7, 9)	1	1	116094	496964	16	15
(7, 4, 9)	1	0	478208	103344	13	12
(4, 8, 9)	1	0	127474	74590	10	9
(8, 4, 9)	1	1	106869	91785	8	7
(4, 9, 9)	1	0	18873	522793	9	8
(9, 4, 9)	2	0	554001	18172	12	12
(5, 6, 9)	2	0	299011	149659	12	12
(6, 5, 9)	1	0	198929	188473	11	10
(5, 7, 9)	1	0	261568	220235	13	12
(7, 5, 9)	2	0	318737	128803	12	12
(5, 8, 9)	2	0	299263	103186	12	12
(8, 5, 9)	2	0	233861	471452	12	12
(5, 9, 9)	1	0	259553	332815	10	9
(9, 5, 9)	2	0	534699	249561	12	12
(6, 7, 9)	1	1	212835	301479	12	11
(7, 6, 9)	2	0	301027	39512	12	12
(6, 8, 9)	1	0	133412	139716	11	10
(8, 6, 9)	2	0	223674	381607	18	18
(6, 9, 9)	1	0	140801	483849	10	9
(9, 6, 9)	2	0	380992	148459	12	12
(7, 8, 9)	2	0	295840	83358	12	12
(8, 7, 9)	1	0	133100	269410	15	14
(7, 9, 9)	1	0	370570	114197	10	9
(9, 7, 9)	2	0	359452	358988	10	10
(8, 9, 9)	1	0	80841	489458	9	8
(9, 8, 9)	2	0	512595	192558	15	15
(0, 1, 10)	2	0	867907	451873	51	51
(1, 0, 10)	2	0	604045	612074	42	42
(0, 2, 10)	1	0	192862	245907	16	15
(2, 0, 10)	2	1	627750	377077	30	30
(0, 3, 10)	1	0	220717	316116	11	10
(3, 0, 10)	2	0	412855	87366	16	16
(0, 4, 10)	1	0	154221	153272	15	14
(4, 0, 10)	2	1	287159	217837	25	25
(0, 5, 10)	1	0	429013	625147	24	23
(5, 0, 10)	2	0	688877	225361	19	19
(0, 6, 10)	1	0	215996	467972	18	17
(6, 0, 10)	1	0	583987	311456	27	26
(0, 7, 10)	1	0	333685	588613	25	24
(7, 0, 10)	2	1	531944	110764	16	16
(0, 8, 10)	1	0	262178	259561	16	15
(8, 0, 10)	2	0	481019	257673	25	25
(0, 9, 10)	1	0	398653	747006	20	19
(9, 0, 10)	2	0	349436	90995	10	10
(1, 2, 10)	1	0	375056	356589	22	21
(2, 1, 10)	2	1	318033	214586	27	27
(1, 3, 10)	1	0	569180	829324	36	35
(3, 1, 10)	2	0	780220	442438	28	28
(1, 4, 10)	1	0	91987	95289	12	11
(4, 1, 10)	2	0	250841	361528	33	33
(1, 5, 10)	1	0	296949	672808	26	25
(5, 1, 10)	2	0	633573	290425	22	22
(1, 6, 10)	1	0	337193	591965	33	32
(6, 1, 10)	2	0	786450	578907	31	31
(1, 7, 10)	1	0	201383	441344	18	17
(7, 1, 10)	2	0	478190	116266	17	17
(1, 8, 10)	1	0	142216	220157	13	12
(8, 1, 10)	2	0	325449	224457	16	16
(1, 9, 10)	1	0	171778	541253	21	20
(9, 1, 10)	2	0	314493	38199	14	14
(2, 3, 10)	2	0	467512	528317	22	22
(3, 2, 10)	1	0	582157	404882	22	21
(2, 4, 10)	1	0	106910	102041	12	11
(4, 2, 10)	0	0	816668	999423	98	98
(2, 5, 10)	2	0	483286	531084	26	26
(5, 2, 10)	1	0	291408	236113	16	15
(2, 6, 10)	1	0	491775	566145	29	28
(6, 2, 10)	2	0	456900	287919	20	20
(2, 7, 10)	2	0	625419	791435	33	33
(7, 2, 10)	1	0	879647	707691	41	40
(2, 8, 10)	1	0	177459	236102	16	15
(8, 2, 10)	2	0	320870	296199	14	14
(2, 9, 10)	2	0	831073	915162	51	51
(9, 2, 10)	2	0	521954	167110	13	13
(3, 4, 10)	1	0	203163	104299	13	12
(4, 3, 10)	1	0	230252	670548	25	24
(3, 5, 10)	1	0	490359	528793	18	17
(5, 3, 10)	2	0	841755	693171	35	35
(3, 6, 10)	2	1	449690	389804	19	19
(6, 3, 10)	1	0	770095	586103	30	29
(3, 7, 10)	1	0	444086	475542	20	19
(7, 3, 10)	1	0	915214	905212	38	37
(3, 8, 10)	1	0	306588	279790	19	18
(8, 3, 10)	2	0	329000	370979	21	21
(3, 9, 10)	1	0	498623	743888	18	17
(9, 3, 10)	2	0	338279	206524	11	11
(4, 5, 10)	2	0	250350	635979	23	23
(5, 4, 10)	1	0	586721	169621	18	17
(4, 6, 10)	2	1	221700	486944	23	23
(6, 4, 10)	1	0	266721	117092	13	12
(4, 7, 10)	2	0	316634	813915	27	27
(7, 4, 10)	2	1	551847	103765	18	18
(4, 8, 10)	1	0	119169	181557	15	14
(8, 4, 10)	2	0	553341	201094	26	26
(4, 9, 10)	1	0	100605	670009	20	19
(9, 4, 10)	2	0	622771	87722	16	16
(5, 6, 10)	2	0	687719	550717	28	28
(6, 5, 10)	1	0	616811	622281	18	17
(5, 7, 10)	2	1	851900	915768	37	37
(7, 5, 10)	2	1	741689	632093	22	22
(5, 8, 10)	1	0	454222	250694	16	15
(8, 5, 10)	2	0	455117	630660	26	26
(5, 9, 10)	1	0	499931	648897	17	16
(9, 5, 10)	2	0	562543	449943	13	13
(6, 7, 10)	1	0	656469	775961	28	27
(7, 6, 10)	2	0	674877	587812	30	30
(6, 8, 10)	1	0	287915	246138	15	14
(8, 6, 10)	2	0	434523	563936	27	27
(6, 9, 10)	1	0	169962	452787	14	13
(9, 6, 10)	2	0	445959	261443	10	10
(7, 8, 10)	2	0	662099	372723	22	22
(8, 7, 10)	2	0	343977	709744	20	20
(7, 9, 10)	1	0	849793	891811	27	26
(9, 7, 10)	2	0	760772	756729	21	21
(8, 9, 10)	2	0	625182	836904	38	38
(9, 8, 10)	2	0	556295	139572	14	14
(0, 1, 11)	1	0	452046	506120	30	29
(1, 0, 11)	2	0	184017	171542	21	21
(0, 2, 11)	1	1	372925	588787	32	31
(2, 0, 11)	2	0	158351	50959	14	14
(0, 3, 11)	1	0	337441	696291	25	24
(3, 0, 11)	2	0	285116	59697	16	16
(0, 4, 11)	2	0	87960	38119	14	14
(4, 0, 11)	2	0	91923	51439	12	12
(0, 5, 11)	2	0	87040	231086	14	14
(5, 0, 11)	2	0	630101	441296	29	29
(0, 6, 11)	1	0	653242	835804	41	40
(6, 0, 11)	2	0	431777	86006	17	17
(0, 7, 11)	1	0	284770	596734	22	21
(7, 0, 11)	2	0	431130	66922	17	17
(0, 8, 11)	1	0	194076	346995	22	21
(8, 0, 11)	2	0	170820	50125	12	12
(0, 9, 11)	1	0	211605	755251	19	18
(9, 0, 11)	2	0	407576	17961	10	10
(1, 2, 11)	1	1	354658	392996	25	24
(2, 1, 11)	2	0	231372	19414	17	17
(1, 3, 11)	1	1	535420	862163	41	40
(3, 1, 11)	2	0	317683	86726	17	17
(1, 4, 11)	2	0	196954	40312	12	12
(4, 1, 11)	2	0	139383	18929	16	16
(1, 5, 11)	1	0	350963	744631	24	23
(5, 1, 11)	2	0	381268	110960	14	14
(1, 6, 11)	2	0	143809	197141	18	18
(6, 1, 11)	2	0	944045	758375	51	51
(1, 7, 11)	1	0	199125	520670	23	22
(7, 1, 11)	2	0	290487	128000	11	11
(1, 8, 11)	1	0	300474	434285	24	23
(8, 1, 11)	2	0	147013	18700	13	13
(1, 9, 11)	1	0	265851	704741	15	14
(9, 1, 11)	2	0	408622	11448	11	11
(2, 3, 11)	2	0	124400	94605	14	14
(3, 2, 11)	2	0	311449	114560	15	15
(2, 4, 11)	2	0	124369	42397	14	14
(4, 2, 11)	2	0	101189	168690	12	12
(2, 5, 11)	1	0	438902	451334	23	22
(5, 2, 11)	2	0	409723	307339	20	20
(2, 6, 11)	2	0	160832	126259	14	14
(6, 2, 11)	1	0	810760	649972	38	37
(2, 7, 11)	1	0	457099	623206	26	25
(7, 2, 11)	2	0	323022	214780	19	19
(2, 8, 11)	1	0	314288	321996	15	14
(8, 2, 11)	2	0	182449	166375	11	11
(2, 9, 11)	1	0	168123	439701	12	11
(9, 2, 11)	2	0	670900	222713	15	15
(3, 4, 11)	2	0	311219	60951	15	15
(4, 3, 11)	2	0	92096	95093	12	12
(3, 5, 11)	1	0	504033	573257	23	22
(5, 3, 11)	2	0	653821	443027	17	17
(3, 6, 11)	2	0	320204	57993	20	20
(6, 3, 11)	1	0	693281	778190	33	32
(3, 7, 11)	2	0	410808	634675	18	18
(7, 3, 11)	2	0	445623	348497	18	18
(3, 8, 11)	1	3	744271	563054	31	31
(8, 3, 11)	2	0	143876	94763	12	12
(3, 9, 11)	2	0	316801	203445	18	18
(9, 3, 11)	2	0	660102	408430	17	17
(4, 5, 11)	1	0	167208	446828	22	21
(5, 4, 11)	2	0	419025	42071	11	11
(4, 6, 11)	2	0	92124	119901	12	12
(6, 4, 11)	2	0	348600	40502	16	16
(4, 7, 11)	1	0	232973	639419	28	27
(7, 4, 11)	2	0	518324	148900	22	22
(4, 8, 11)	1	0	111008	244908	17	16
(8, 4, 11)	2	0	144313	42405	12	12
(4, 9, 11)	1	0	60093	381280	12	11
(9, 4, 11)	2	0	546241	41474	10	10
(5, 6, 11)	2	0	386194	196492	14	14
(6, 5, 11)	1	0	422829	600050	20	19
(5, 7, 11)	2	0	641839	484383	18	18
(7, 5, 11)	2	0	513384	509517	17	17
(5, 8, 11)	1	0	463163	414497	25	24
(8, 5, 11)	2	0	261367	372535	16	16
(5, 9, 11)	1	0	235124	193023	14	13
(9, 5, 11)	2	0	363701	142232	10	10
(6, 7, 11)	1	0	788467	697936	29	28
(7, 6, 11)	2	0	293453	102426	12	12
(6, 8, 11)	1	0	410453	388125	21	20
(8, 6, 11)	2	0	165761	119601	12	12
(6, 9, 11)	1	0	401905	580964	12	11
(9, 6, 11)	2	0	408134	97139	10	10
(7, 8, 11)	1	0	739246	448380	23	22
(8, 7, 11)	2	0	271943	332980	14	14
(7, 9, 11)	1	0	653921	664637	16	15
(9, 7, 11)	2	0	408796	412100	10	10
(8, 9, 11)	2	0	98481	198131	15	15
(9, 8, 11)	1	0	692502	604197	27	26
