                    0#E 8#B 9#K 1#R 2#Y 4#A 3#P 5#X 7#S 10# 6#W 11#
0#EMBRYO21.F            951 999 999 999 999 99910001000100010001000
8#BARBAKAN           48     931 931 999 999 99910001000100010001000
9#KATAGOMO21.F        0  68     500 986 989 99710001000100010001000
1#RAPFI21             0  68 499     986 989 99710001000100010001000
2#YIXIN18             0   0  13  13     537 746 999 999100010001000
4#ALPHAGOMOKU.MK21    0   0  10  10 462     715 999 999100010001000
3#PENTAZEN21.20       0   0   2   2 253 284     999 999 99910001000
5#XOXO21.F            0   0   0   0   0   0   0     901 996 999 999
7#STARDUST            0   0   0   0   0   0   0  98     923 980 999
10#RENJUSOLVER.F      0   0   0   0   0   0   0   3  76     736 956
6#WINE18              0   0   0   0   0   0   0   0  19 263     861
11#WHOSE19            0   0   0   0   0   0   0   0   0  43 138    
