(0, 1, 0)	2	0	586487	282815	27	27
(1, 0, 0)	2	0	390549	99969	20	20
(0, 2, 0)	1	0	608840	459803	33	32
(2, 0, 0)	2	0	211932	74170	18	18
(0, 3, 0)	1	0	311852	821459	30	29
(3, 0, 0)	2	0	635738	154848	24	24
(0, 4, 0)	2	0	837710	822717	67	67
(4, 0, 0)	2	0	299017	71640	18	18
(0, 5, 0)	1	0	472663	639485	35	34
(5, 0, 0)	2	0	448971	258673	25	25
(0, 6, 0)	1	0	803332	860760	44	43
(6, 0, 0)	2	0	632413	179667	23	23
(0, 7, 0)	1	0	54144	84970	6	5
(7, 0, 0)	2	0	103746	49349	10	10
(0, 8, 0)	2	0	506606	677430	30	30
(8, 0, 0)	2	0	560725	132120	13	13
(0, 9, 0)	2	0	699596	794619	44	44
(9, 0, 0)	2	0	621735	125970	17	17
(0, 10, 0)	1	0	273130	197756	20	19
(10, 0, 0)	2	0	339317	255677	29	29
(0, 11, 0)	1	0	267728	335458	27	26
(11, 0, 0)	2	0	295886	137468	24	24
(1, 2, 0)	1	0	287618	279720	24	23
(2, 1, 0)	2	0	336961	122395	19	19
(1, 3, 0)	2	0	809872	978008	59	59
(3, 1, 0)	2	0	834808	427447	27	27
(1, 4, 0)	2	0	660025	661969	36	36
(4, 1, 0)	2	0	301189	114619	20	20
(1, 5, 0)	2	0	745483	614328	34	34
(5, 1, 0)	2	0	639854	418694	35	35
(1, 6, 0)	1	0	354471	596111	27	26
(6, 1, 0)	2	0	639593	276464	17	17
(1, 7, 0)	1	0	37219	84637	6	5
(7, 1, 0)	2	0	114860	57732	14	14
(1, 8, 0)	2	0	337038	599139	23	23
(8, 1, 0)	2	0	894611	569418	40	40
(1, 9, 0)	2	0	868260	826607	59	59
(9, 1, 0)	2	0	621669	85962	17	17
(1, 10, 0)	1	0	381971	308902	28	27
(10, 1, 0)	2	0	299843	183947	28	28
(1, 11, 0)	1	0	349171	359227	29	28
(11, 1, 0)	2	0	192188	180987	24	24
(2, 3, 0)	2	0	288524	418784	16	16
(3, 2, 0)	2	0	857547	498789	28	28
(2, 4, 0)	2	0	854418	738941	44	44
(4, 2, 0)	2	0	311859	82601	20	20
(2, 5, 0)	1	0	330019	377775	22	21
(5, 2, 0)	2	0	693797	450581	35	35
(2, 6, 0)	1	0	195740	423708	18	17
(6, 2, 0)	2	0	549166	301054	18	18
(2, 7, 0)	1	0	40294	91705	6	5
(7, 2, 0)	2	0	115318	47961	13	13
(2, 8, 0)	2	0	354680	557900	19	19
(8, 2, 0)	2	0	776641	341221	27	27
(2, 9, 0)	2	0	407621	652329	22	22
(9, 2, 0)	2	0	549564	44658	13	13
(2, 10, 0)	1	0	341186	303341	27	26
(10, 2, 0)	2	0	435023	615078	33	33
(2, 11, 0)	1	0	283114	387383	29	28
(11, 2, 0)	2	0	213870	173225	25	25
(3, 4, 0)	2	0	779600	453764	26	26
(4, 3, 0)	2	0	276251	318316	15	15
(3, 5, 0)	1	0	304199	231848	17	16
(5, 3, 0)	1	0	521768	859158	32	31
(3, 6, 0)	1	0	899846	735260	30	29
(6, 3, 0)	2	0	539064	516510	21	21
(3, 7, 0)	1	0	232786	155827	9	8
(7, 3, 0)	2	0	246582	470847	18	18
(3, 8, 0)	2	0	844535	745594	29	29
(8, 3, 0)	2	0	901027	813299	34	34
(3, 9, 0)	2	0	940656	817475	41	41
(9, 3, 0)	2	0	699342	682685	23	23
(3, 10, 0)	2	0	667393	191885	25	25
(10, 3, 0)	1	0	372944	911759	43	42
(3, 11, 0)	1	0	736258	317838	27	26
(11, 3, 0)	2	0	243342	347072	23	23
(4, 5, 0)	1	0	305669	285670	28	27
(5, 4, 0)	1	0	240827	182260	20	19
(4, 6, 0)	2	0	444539	681314	26	26
(6, 4, 0)	2	0	389471	248634	18	18
(4, 7, 0)	1	0	77732	87181	6	5
(7, 4, 0)	2	0	94548	183056	11	11
(4, 8, 0)	2	0	612264	839355	37	37
(8, 4, 0)	2	0	849365	565171	27	27
(4, 9, 0)	2	0	296302	615160	19	19
(9, 4, 0)	2	0	588123	203397	15	15
(4, 10, 0)	1	0	670764	480568	41	40
(10, 4, 0)	2	0	478756	692200	48	48
(4, 11, 0)	1	0	445742	341281	26	25
(11, 4, 0)	2	0	216404	304710	20	20
(5, 6, 0)	2	0	548955	686865	28	28
(6, 5, 0)	1	0	851992	733116	47	46
(5, 7, 0)	1	0	39751	83199	6	5
(7, 5, 0)	2	0	120496	92485	12	12
(5, 8, 0)	2	0	623556	844414	43	43
(8, 5, 0)	1	0	820266	627102	37	36
(5, 9, 0)	2	0	645617	783405	41	41
(9, 5, 0)	1	0	725016	619191	38	37
(5, 10, 0)	1	0	578028	440052	34	33
(10, 5, 0)	2	0	145880	158187	17	17
(5, 11, 0)	1	0	337171	304860	24	23
(11, 5, 0)	2	0	372469	587325	31	31
(6, 7, 0)	1	0	85200	83937	6	5
(7, 6, 0)	1	0	477028	800988	35	34
(6, 8, 0)	2	0	547838	559569	23	23
(8, 6, 0)	1	0	910623	893516	43	42
(6, 9, 0)	2	0	808362	662678	31	31
(9, 6, 0)	1	0	745047	559647	29	28
(6, 10, 0)	2	0	547370	181119	20	20
(10, 6, 0)	2	0	374722	850544	33	33
(6, 11, 0)	1	0	752302	395469	30	29
(11, 6, 0)	2	0	363272	642857	28	28
(7, 8, 0)	2	0	109182	287893	12	12
(8, 7, 0)	1	0	887376	770235	38	37
(7, 9, 0)	2	0	94058	465126	10	10
(9, 7, 0)	1	0	644903	436347	19	18
(7, 10, 0)	2	0	149660	18109	14	14
(10, 7, 0)	1	0	110143	148678	16	15
(7, 11, 0)	1	0	126599	97801	15	14
(11, 7, 0)	1	0	42499	84185	6	5
(8, 9, 0)	2	0	839844	715829	25	25
(9, 8, 0)	2	0	688507	656879	22	22
(8, 10, 0)	2	0	398418	18184	9	9
(10, 8, 0)	2	0	221356	630116	25	25
(8, 11, 0)	1	0	855939	426831	38	37
(11, 8, 0)	2	0	320991	582194	25	25
(9, 10, 0)	1	0	764711	485612	49	48
(10, 9, 0)	2	0	327989	636741	22	22
(9, 11, 0)	1	0	597529	113046	21	20
(11, 9, 0)	2	0	332396	627351	29	29
(10, 11, 0)	1	0	230602	277356	26	25
(11, 10, 0)	2	0	423179	291640	30	30
(0, 1, 1)	1	0	285643	589215	28	27
(1, 0, 1)	2	0	374611	483935	37	37
(0, 2, 1)	1	0	363431	509315	28	27
(2, 0, 1)	2	0	131917	128329	18	18
(0, 3, 1)	1	0	463488	848405	33	32
(3, 0, 1)	2	0	639061	103712	22	22
(0, 4, 1)	1	0	363986	497787	30	29
(4, 0, 1)	2	0	385329	88623	24	24
(0, 5, 1)	1	0	278457	481919	29	28
(5, 0, 1)	2	0	366726	204150	20	20
(0, 6, 1)	1	0	97455	155843	14	13
(6, 0, 1)	2	0	139931	38955	10	10
(0, 7, 1)	1	0	294635	279430	22	21
(7, 0, 1)	2	0	286193	87304	19	19
(0, 8, 1)	1	0	739945	930392	53	52
(8, 0, 1)	2	0	735181	204621	22	22
(0, 9, 1)	1	0	279205	664239	21	20
(9, 0, 1)	2	0	738003	277646	27	27
(0, 10, 1)	1	0	313800	223082	23	22
(10, 0, 1)	2	0	177519	130552	16	16
(0, 11, 1)	1	0	92985	72487	16	15
(11, 0, 1)	2	0	82877	37563	13	13
(1, 2, 1)	1	0	446027	428169	29	28
(2, 1, 1)	2	0	186826	195099	19	19
(1, 3, 1)	2	0	173664	305751	19	19
(3, 1, 1)	2	0	921186	517426	40	40
(1, 4, 1)	2	0	176353	187573	19	19
(4, 1, 1)	2	0	308003	187249	24	24
(1, 5, 1)	1	0	451397	550012	33	32
(5, 1, 1)	2	0	93054	38548	15	15
(1, 6, 1)	1	0	557629	886526	43	42
(6, 1, 1)	2	0	181597	32646	12	12
(1, 7, 1)	1	0	696133	778018	39	38
(7, 1, 1)	2	0	301591	108748	22	22
(1, 8, 1)	2	0	301986	677354	28	28
(8, 1, 1)	2	0	381746	2011	8	8
(1, 9, 1)	2	0	211896	647148	24	24
(9, 1, 1)	1	0	802464	853372	40	39
(1, 10, 1)	1	0	347202	327751	26	25
(10, 1, 1)	2	0	307713	397091	25	25
(1, 11, 1)	1	0	551896	510914	44	43
(11, 1, 1)	2	0	83123	32115	14	14
(2, 3, 1)	2	0	188071	400825	19	19
(3, 2, 1)	2	0	649120	327632	23	23
(2, 4, 1)	2	0	291073	246425	14	14
(4, 2, 1)	2	0	312828	252146	24	24
(2, 5, 1)	2	0	489635	428031	24	24
(5, 2, 1)	2	0	650145	305713	33	33
(2, 6, 1)	1	0	737533	906433	50	49
(6, 2, 1)	2	0	154955	23635	13	13
(2, 7, 1)	1	0	711990	488177	40	39
(7, 2, 1)	2	0	273992	229945	16	16
(2, 8, 1)	2	0	269088	473434	18	18
(8, 2, 1)	1	0	927759	772525	44	43
(2, 9, 1)	2	0	782905	800031	49	49
(9, 2, 1)	1	0	851035	669919	52	51
(2, 10, 1)	1	0	487496	339489	27	26
(10, 2, 1)	2	0	276191	313962	22	22
(2, 11, 1)	1	0	427102	383963	32	31
(11, 2, 1)	2	0	82211	23576	11	11
(3, 4, 1)	2	0	571200	283451	23	23
(4, 3, 1)	2	0	305619	459896	19	19
(3, 5, 1)	2	0	685965	258736	20	20
(5, 3, 1)	1	0	566901	901950	34	33
(3, 6, 1)	1	0	834852	788587	31	30
(6, 3, 1)	2	0	158876	111901	15	15
(3, 7, 1)	1	0	839541	700468	36	35
(7, 3, 1)	2	0	150230	369180	16	16
(3, 8, 1)	2	0	708271	600848	24	24
(8, 3, 1)	2	0	874368	840614	31	31
(3, 9, 1)	2	0	654812	636344	23	23
(9, 3, 1)	2	0	605595	455678	16	16
(3, 10, 1)	1	0	534430	238330	25	24
(10, 3, 1)	2	0	218554	568462	19	19
(3, 11, 1)	2	0	825829	251943	27	27
(11, 3, 1)	2	0	83085	111876	11	11
(4, 5, 1)	2	0	351460	260259	20	20
(5, 4, 1)	2	0	429707	348911	22	22
(4, 6, 1)	1	0	372378	641219	30	29
(6, 4, 1)	2	0	175282	56243	16	16
(4, 7, 1)	1	0	383357	326922	26	25
(7, 4, 1)	2	0	313232	249517	17	17
(4, 8, 1)	2	0	282917	528791	19	19
(8, 4, 1)	1	0	769882	400641	28	27
(4, 9, 1)	2	0	305224	577582	17	17
(9, 4, 1)	1	0	763744	635650	37	36
(4, 10, 1)	2	0	757239	412660	52	52
(10, 4, 1)	2	0	225054	338457	23	23
(4, 11, 1)	1	0	603863	460036	39	38
(11, 4, 1)	2	0	83933	50723	11	11
(5, 6, 1)	1	0	126188	252009	11	10
(6, 5, 1)	2	0	148345	53316	13	13
(5, 7, 1)	2	0	423702	133524	22	22
(7, 5, 1)	2	0	325027	169038	18	18
(5, 8, 1)	2	0	543193	683428	29	29
(8, 5, 1)	1	0	733959	537821	34	33
(5, 9, 1)	2	0	415647	653073	22	22
(9, 5, 1)	1	0	788880	571013	46	45
(5, 10, 1)	2	0	751483	317189	46	46
(10, 5, 1)	1	0	298055	523879	42	41
(5, 11, 1)	1	0	126025	81110	14	13
(11, 5, 1)	2	0	81928	53420	13	13
(6, 7, 1)	2	0	178956	23278	15	15
(7, 6, 1)	1	0	149075	589881	25	24
(6, 8, 1)	2	0	176216	216473	15	15
(8, 6, 1)	2	0	771612	553173	25	25
(6, 9, 1)	2	0	186597	632752	22	22
(9, 6, 1)	1	0	770375	789802	33	32
(6, 10, 1)	2	0	153511	20946	14	14
(10, 6, 1)	1	0	76867	290206	14	13
(6, 11, 1)	1	0	189740	76819	15	14
(11, 6, 1)	1	0	265177	617901	20	19
(7, 8, 1)	2	0	330899	485230	23	23
(8, 7, 1)	1	0	966684	950284	69	68
(7, 9, 1)	2	0	349153	635047	19	19
(9, 7, 1)	2	0	729168	200514	26	26
(7, 10, 1)	2	0	273723	97535	16	16
(10, 7, 1)	2	0	265622	136334	22	22
(7, 11, 1)	1	0	538050	342075	28	27
(11, 7, 1)	2	0	82526	17471	13	13
(8, 9, 1)	2	0	860414	729092	26	26
(9, 8, 1)	2	0	857343	926532	49	49
(8, 10, 1)	1	0	802480	279367	28	27
(10, 8, 1)	2	0	326830	727155	27	27
(8, 11, 1)	2	0	425656	60189	11	11
(11, 8, 1)	2	0	146860	256343	17	17
(9, 10, 1)	1	0	692522	319131	25	24
(10, 9, 1)	2	0	221807	600053	18	18
(9, 11, 1)	1	0	679480	354990	26	25
(11, 9, 1)	2	0	82928	498063	13	13
(10, 11, 1)	1	0	298472	372021	38	37
(11, 10, 1)	2	0	82423	20852	11	11
(0, 1, 2)	2	0	373992	109513	26	26
(1, 0, 2)	2	0	586668	497754	38	38
(0, 2, 2)	2	0	378844	197792	22	22
(2, 0, 2)	2	0	359074	105747	14	14
(0, 3, 2)	1	0	223414	652962	23	22
(3, 0, 2)	2	0	576564	131892	25	25
(0, 4, 2)	1	0	845646	887936	73	72
(4, 0, 2)	2	0	415976	67364	20	20
(0, 5, 2)	1	0	251182	290846	20	19
(5, 0, 2)	2	0	206690	66639	11	11
(0, 6, 2)	1	0	221887	552238	18	17
(6, 0, 2)	2	0	346947	25214	12	12
(0, 7, 2)	1	0	257042	471760	24	23
(7, 0, 2)	2	0	245468	16796	9	9
(0, 8, 2)	1	0	174240	497040	12	11
(8, 0, 2)	2	0	708108	65768	19	19
(0, 9, 2)	2	0	815420	842462	59	59
(9, 0, 2)	2	0	569486	50042	14	14
(0, 10, 2)	1	0	164196	208778	17	16
(10, 0, 2)	2	0	141805	25640	12	12
(0, 11, 2)	1	0	133869	136672	17	16
(11, 0, 2)	2	0	72059	14617	11	11
(1, 2, 2)	2	0	675528	672585	36	36
(2, 1, 2)	2	0	349964	142171	17	17
(1, 3, 2)	1	0	431680	901965	35	34
(3, 1, 2)	2	0	472332	124765	22	22
(1, 4, 2)	1	0	818392	837555	68	67
(4, 1, 2)	2	0	420727	98589	23	23
(1, 5, 2)	1	0	254116	496070	23	22
(5, 1, 2)	2	0	199058	81739	18	18
(1, 6, 2)	1	0	118008	279196	17	16
(6, 1, 2)	2	0	286456	19074	13	13
(1, 7, 2)	1	0	104269	141601	13	12
(7, 1, 2)	2	0	156482	19173	10	10
(1, 8, 2)	2	0	313006	589723	21	21
(8, 1, 2)	2	0	663147	110344	19	19
(1, 9, 2)	2	0	895003	873061	67	67
(9, 1, 2)	2	0	664254	96396	20	20
(1, 10, 2)	1	0	181264	208268	21	20
(10, 1, 2)	2	0	135115	15961	13	13
(1, 11, 2)	1	0	208464	149210	17	16
(11, 1, 2)	2	0	65614	14945	14	14
(2, 3, 2)	1	0	449964	791858	36	35
(3, 2, 2)	2	0	449836	223156	18	18
(2, 4, 2)	2	0	233934	140020	11	11
(4, 2, 2)	2	0	267099	95113	19	19
(2, 5, 2)	1	0	321061	388506	27	26
(5, 2, 2)	2	0	153792	90229	17	17
(2, 6, 2)	1	0	295970	500448	17	16
(6, 2, 2)	2	0	271019	34366	16	16
(2, 7, 2)	1	0	489044	482852	23	22
(7, 2, 2)	2	0	245356	44003	9	9
(2, 8, 2)	2	0	327347	488883	16	16
(8, 2, 2)	2	0	703245	438828	17	17
(2, 9, 2)	2	0	412700	489604	13	13
(9, 2, 2)	1	0	800930	713750	38	37
(2, 10, 2)	1	0	260535	208325	24	23
(10, 2, 2)	2	0	116631	58282	12	12
(2, 11, 2)	1	0	153886	148046	17	16
(11, 2, 2)	2	0	61818	43371	14	14
(3, 4, 2)	1	0	918060	718431	47	46
(4, 3, 2)	1	0	518346	849513	38	37
(3, 5, 2)	1	0	708134	462697	30	29
(5, 3, 2)	2	0	282702	595299	21	21
(3, 6, 2)	2	0	891788	675333	29	29
(6, 3, 2)	2	0	269429	119499	9	9
(3, 7, 2)	1	0	364345	120725	14	13
(7, 3, 2)	2	0	151949	84117	11	11
(3, 8, 2)	2	0	526867	655992	27	27
(8, 3, 2)	2	0	657360	293181	14	14
(3, 9, 2)	2	0	757409	733467	29	29
(9, 3, 2)	1	0	832970	946385	49	48
(3, 10, 2)	1	0	496572	208204	19	18
(10, 3, 2)	2	0	134540	80524	11	11
(3, 11, 2)	1	0	436367	204145	17	16
(11, 3, 2)	2	0	74097	126358	12	12
(4, 5, 2)	1	0	595597	618915	39	38
(5, 4, 2)	2	0	307680	250627	15	15
(4, 6, 2)	1	0	349532	581088	17	16
(6, 4, 2)	2	0	433164	246388	15	15
(4, 7, 2)	1	0	358568	361034	18	17
(7, 4, 2)	2	0	351321	188719	14	14
(4, 8, 2)	1	0	129269	441866	13	12
(8, 4, 2)	1	0	718970	537880	32	31
(4, 9, 2)	2	0	788988	821154	55	55
(9, 4, 2)	2	0	527666	91403	12	12
(4, 10, 2)	1	0	574969	411021	33	32
(10, 4, 2)	2	0	119285	199518	12	12
(4, 11, 2)	1	0	587539	436752	44	43
(11, 4, 2)	2	0	62383	183294	14	14
(5, 6, 2)	2	0	409867	542954	25	25
(6, 5, 2)	2	0	237516	67388	14	14
(5, 7, 2)	1	0	90370	140019	13	12
(7, 5, 2)	2	0	156157	48079	9	9
(5, 8, 2)	2	0	217136	442662	18	18
(8, 5, 2)	1	0	614209	467545	27	26
(5, 9, 2)	2	0	569835	724439	37	37
(9, 5, 2)	1	0	761259	660032	40	39
(5, 10, 2)	1	0	260424	192827	19	18
(10, 5, 2)	2	0	151447	157447	13	13
(5, 11, 2)	1	0	352973	241873	22	21
(11, 5, 2)	2	0	75695	51725	11	11
(6, 7, 2)	2	0	390565	61362	11	11
(7, 6, 2)	2	0	155444	209347	11	11
(6, 8, 2)	2	0	385571	285550	11	11
(8, 6, 2)	1	0	394024	272007	16	15
(6, 9, 2)	2	0	410567	481055	13	13
(9, 6, 2)	2	0	729115	799808	26	26
(6, 10, 2)	2	0	398094	57240	12	12
(10, 6, 2)	2	0	131950	444431	14	14
(6, 11, 2)	2	0	336128	77233	12	12
(11, 6, 2)	2	0	61896	158385	16	16
(7, 8, 2)	2	0	296614	272482	14	14
(8, 7, 2)	1	0	486014	415368	18	17
(7, 9, 2)	2	0	251802	406081	12	12
(9, 7, 2)	1	0	853536	975289	50	49
(7, 10, 2)	2	0	160697	33911	9	9
(10, 7, 2)	2	0	151572	104520	13	13
(7, 11, 2)	2	0	195736	36594	12	12
(11, 7, 2)	2	0	228963	96622	18	18
(8, 9, 2)	1	0	288422	450413	10	9
(9, 8, 2)	2	0	569477	448844	14	14
(8, 10, 2)	1	0	857808	384731	30	29
(10, 8, 2)	2	0	96877	264325	9	9
(8, 11, 2)	1	0	896186	385251	40	39
(11, 8, 2)	2	0	115443	285402	13	13
(9, 10, 2)	1	0	632669	317789	28	27
(10, 9, 2)	2	0	133946	444724	14	14
(9, 11, 2)	1	0	761159	437200	43	42
(11, 9, 2)	2	0	82961	436904	13	13
(10, 11, 2)	2	0	163845	132180	18	18
(11, 10, 2)	2	0	103153	37778	17	17
(0, 1, 3)	1	0	582702	565093	37	36
(1, 0, 3)	1	0	283305	357819	32	31
(0, 2, 3)	1	0	104659	124279	11	10
(2, 0, 3)	2	0	539891	530034	38	38
(0, 3, 3)	1	0	147900	458661	17	16
(3, 0, 3)	1	0	392669	322080	21	20
(0, 4, 3)	1	0	135651	298512	20	19
(4, 0, 3)	2	0	294286	108722	18	18
(0, 5, 3)	1	0	127815	281559	18	17
(5, 0, 3)	2	0	573285	526045	31	31
(0, 6, 3)	1	0	44190	296211	14	13
(6, 0, 3)	2	0	229952	30305	12	12
(0, 7, 3)	1	0	51831	47552	8	7
(7, 0, 3)	2	0	147520	113172	16	16
(0, 8, 3)	1	0	155877	580448	17	16
(8, 0, 3)	2	0	551220	106930	15	15
(0, 9, 3)	1	0	91686	569499	15	14
(9, 0, 3)	2	0	588137	61660	15	15
(0, 10, 3)	1	0	76505	139999	14	13
(10, 0, 3)	2	0	92390	28235	9	9
(0, 11, 3)	1	0	37629	75954	13	12
(11, 0, 3)	1	0	321907	527530	38	37
(1, 2, 3)	1	0	172267	205682	23	22
(2, 1, 3)	2	0	830351	606037	35	35
(1, 3, 3)	1	0	209869	390079	23	22
(3, 1, 3)	1	0	476257	208878	30	29
(1, 4, 3)	1	0	307001	589062	39	38
(4, 1, 3)	2	0	561303	541416	31	31
(1, 5, 3)	1	0	108387	202144	22	21
(5, 1, 3)	2	0	571975	430505	28	28
(1, 6, 3)	1	0	119100	429678	20	19
(6, 1, 3)	2	0	189062	31449	12	12
(1, 7, 3)	1	0	130822	199328	16	15
(7, 1, 3)	1	0	487854	598067	33	32
(1, 8, 3)	1	0	209859	593987	17	16
(8, 1, 3)	1	0	893737	750832	38	37
(1, 9, 3)	1	0	280660	664146	21	20
(9, 1, 3)	1	0	721382	455277	28	27
(1, 10, 3)	1	0	124615	184269	18	17
(10, 1, 3)	2	0	79749	20880	10	10
(1, 11, 3)	1	0	110333	81421	15	14
(11, 1, 3)	2	0	403291	369434	39	39
(2, 3, 3)	2	0	914756	980610	59	59
(3, 2, 3)	1	0	791382	389876	20	19
(2, 4, 3)	2	0	849060	687763	47	47
(4, 2, 3)	1	0	278270	197499	18	17
(2, 5, 3)	2	0	909079	914231	74	74
(5, 2, 3)	2	0	435091	308385	26	26
(2, 6, 3)	1	0	71702	211762	17	16
(6, 2, 3)	2	0	393033	109028	15	15
(2, 7, 3)	1	0	300490	225914	20	19
(7, 2, 3)	1	0	123225	192310	19	18
(2, 8, 3)	2	0	938557	974159	67	67
(8, 2, 3)	1	0	562347	348147	21	20
(2, 9, 3)	1	0	525024	806248	38	37
(9, 2, 3)	1	0	588812	183229	17	16
(2, 10, 3)	1	0	68563	130806	15	14
(10, 2, 3)	2	0	105360	80637	13	13
(2, 11, 3)	1	0	509649	335798	28	27
(11, 2, 3)	2	0	469369	408115	36	36
(3, 4, 3)	1	0	222761	271562	22	21
(4, 3, 3)	1	0	348570	587841	33	32
(3, 5, 3)	1	0	650803	341141	24	23
(5, 3, 3)	1	0	881355	988333	70	69
(3, 6, 3)	1	0	151062	109557	19	18
(6, 3, 3)	2	0	186618	100123	12	12
(3, 7, 3)	1	0	262153	139876	17	16
(7, 3, 3)	1	0	550231	878195	30	29
(3, 8, 3)	1	0	385815	589909	14	13
(8, 3, 3)	1	0	602347	413361	23	22
(3, 9, 3)	1	0	479184	588220	16	15
(9, 3, 3)	2	0	605576	118116	16	16
(3, 10, 3)	1	0	531411	206788	19	18
(10, 3, 3)	2	0	119578	101900	11	11
(3, 11, 3)	1	0	171755	73347	12	11
(11, 3, 3)	1	0	272100	546339	26	25
(4, 5, 3)	1	0	246455	255738	18	17
(5, 4, 3)	2	0	296533	191536	19	19
(4, 6, 3)	1	0	188088	297740	17	16
(6, 4, 3)	2	0	319510	216505	13	13
(4, 7, 3)	1	0	204699	199980	14	13
(7, 4, 3)	2	0	161251	115972	21	21
(4, 8, 3)	1	0	306248	680154	17	16
(8, 4, 3)	1	0	715208	405739	26	25
(4, 9, 3)	1	0	149850	450399	10	9
(9, 4, 3)	1	0	725674	485547	33	32
(4, 10, 3)	1	0	220828	181427	18	17
(10, 4, 3)	2	0	98962	115186	17	17
(4, 11, 3)	1	0	353264	203621	19	18
(11, 4, 3)	1	0	196109	434597	25	24
(5, 6, 3)	1	0	384812	579907	21	20
(6, 5, 3)	2	0	188051	59278	12	12
(5, 7, 3)	2	0	308102	80949	22	22
(7, 5, 3)	1	0	199393	415445	26	25
(5, 8, 3)	2	0	419905	661004	21	21
(8, 5, 3)	1	0	390335	197893	15	14
(5, 9, 3)	1	0	220960	605451	17	16
(9, 5, 3)	1	0	528375	206466	13	12
(5, 10, 3)	1	0	413233	261584	25	24
(10, 5, 3)	2	0	77802	51750	9	9
(5, 11, 3)	1	0	125613	75792	13	12
(11, 5, 3)	2	0	428515	537509	39	39
(6, 7, 3)	2	0	901769	708718	40	40
(7, 6, 3)	1	0	110349	336746	17	16
(6, 8, 3)	2	0	289128	226577	15	15
(8, 6, 3)	1	0	446337	196303	12	11
(6, 9, 3)	2	0	316463	529802	13	13
(9, 6, 3)	1	0	463210	167490	12	11
(6, 10, 3)	1	0	726617	314351	25	24
(10, 6, 3)	2	0	77290	155920	12	12
(6, 11, 3)	2	0	298082	98876	14	14
(11, 6, 3)	1	0	123797	222373	14	13
(7, 8, 3)	2	0	394208	689658	24	24
(8, 7, 3)	1	0	400086	165345	14	13
(7, 9, 3)	2	0	166794	549117	15	15
(9, 7, 3)	1	0	491679	222450	12	11
(7, 10, 3)	1	0	276032	298841	29	28
(10, 7, 3)	2	0	65574	39954	11	11
(7, 11, 3)	1	0	124375	161388	19	18
(11, 7, 3)	1	0	85413	161606	13	12
(8, 9, 3)	1	0	727427	688345	23	22
(9, 8, 3)	1	0	478527	485356	10	9
(8, 10, 3)	1	0	626707	252562	19	18
(10, 8, 3)	2	0	77823	157620	10	10
(8, 11, 3)	1	0	434519	133595	19	18
(11, 8, 3)	2	0	364375	724037	31	31
(9, 10, 3)	1	0	649945	271515	20	19
(10, 9, 3)	2	0	112889	425013	11	11
(9, 11, 3)	1	0	659105	194000	23	22
(11, 9, 3)	1	0	140276	636807	19	18
(10, 11, 3)	2	0	85835	39752	9	9
(11, 10, 3)	1	0	189972	166957	17	16
(0, 1, 4)	2	0	217801	20484	15	15
(1, 0, 4)	2	0	160222	42634	13	13
(0, 2, 4)	2	0	173143	60547	17	17
(2, 0, 4)	2	0	128855	9202	8	8
(0, 3, 4)	2	0	172324	98209	19	19
(3, 0, 4)	2	0	541125	64397	22	22
(0, 4, 4)	2	0	138972	184381	19	19
(4, 0, 4)	2	0	578737	221066	30	30
(0, 5, 4)	2	0	181530	71566	11	11
(5, 0, 4)	2	0	228188	28099	16	16
(0, 6, 4)	1	0	413544	772273	26	25
(6, 0, 4)	2	0	352432	70291	12	12
(0, 7, 4)	2	0	373593	401063	28	28
(7, 0, 4)	2	0	267080	45257	14	14
(0, 8, 4)	2	0	336915	684217	25	25
(8, 0, 4)	2	0	609431	43402	15	15
(0, 9, 4)	2	0	628030	736979	42	42
(9, 0, 4)	2	0	737873	204369	27	27
(0, 10, 4)	2	0	189356	43584	17	17
(10, 0, 4)	2	0	83313	10506	10	10
(0, 11, 4)	2	0	174809	58084	15	15
(11, 0, 4)	2	0	145275	29933	13	13
(1, 2, 4)	2	0	128970	67828	17	17
(2, 1, 4)	2	0	114727	10131	17	17
(1, 3, 4)	2	0	173028	137481	19	19
(3, 1, 4)	2	0	406682	90635	20	20
(1, 4, 4)	2	0	352726	408261	27	27
(4, 1, 4)	2	0	304840	36996	19	19
(1, 5, 4)	2	0	163013	123042	15	15
(5, 1, 4)	2	0	186922	33379	17	17
(1, 6, 4)	2	0	171377	281267	16	16
(6, 1, 4)	2	0	390201	40392	14	14
(1, 7, 4)	2	0	495883	631889	29	29
(7, 1, 4)	2	0	232890	54373	17	17
(1, 8, 4)	2	0	383157	656974	24	24
(8, 1, 4)	2	0	429208	37492	10	10
(1, 9, 4)	2	0	244540	588999	20	20
(9, 1, 4)	2	0	621747	11160	17	17
(1, 10, 4)	2	0	179871	54670	12	12
(10, 1, 4)	2	0	107493	9745	12	12
(1, 11, 4)	2	0	179119	89800	19	19
(11, 1, 4)	2	0	119069	16184	13	13
(2, 3, 4)	2	0	124852	81818	11	11
(3, 2, 4)	2	0	408802	142185	18	18
(2, 4, 4)	2	0	115287	281893	20	20
(4, 2, 4)	2	0	249828	206712	19	19
(2, 5, 4)	2	0	145160	89465	12	12
(5, 2, 4)	2	0	157790	80501	20	20
(2, 6, 4)	2	0	137050	181026	11	11
(6, 2, 4)	2	0	217968	43843	11	11
(2, 7, 4)	2	0	75362	60064	15	15
(7, 2, 4)	2	0	321537	355950	17	17
(2, 8, 4)	2	0	247694	442612	13	13
(8, 2, 4)	2	0	425881	66387	11	11
(2, 9, 4)	2	0	164562	388894	13	13
(9, 2, 4)	2	0	664226	71237	20	20
(2, 10, 4)	2	0	123068	40303	8	8
(10, 2, 4)	2	0	100314	44620	10	10
(2, 11, 4)	2	0	159594	61533	8	8
(11, 2, 4)	2	0	160020	118650	16	16
(3, 4, 4)	2	0	930115	674972	42	42
(4, 3, 4)	2	0	242839	171570	17	17
(3, 5, 4)	2	0	451273	192034	15	15
(5, 3, 4)	2	0	201645	233535	15	15
(3, 6, 4)	1	0	926966	871876	48	47
(6, 3, 4)	2	0	260093	125182	9	9
(3, 7, 4)	2	0	614055	286508	22	22
(7, 3, 4)	2	0	225938	141391	18	18
(3, 8, 4)	2	0	454591	313316	15	15
(8, 3, 4)	2	0	477371	161547	16	16
(3, 9, 4)	2	0	359253	559448	15	15
(9, 3, 4)	2	0	588171	171736	15	15
(3, 10, 4)	2	0	806573	249405	27	27
(10, 3, 4)	2	0	110293	10181	12	12
(3, 11, 4)	1	0	860875	430335	38	37
(11, 3, 4)	2	0	119694	100240	13	13
(4, 5, 4)	2	0	305301	259784	12	12
(5, 4, 4)	2	0	378958	382738	25	25
(4, 6, 4)	2	0	272631	296197	17	17
(6, 4, 4)	2	0	314982	150519	15	15
(4, 7, 4)	2	0	374146	349570	20	20
(7, 4, 4)	2	0	213252	183637	11	11
(4, 8, 4)	2	0	287091	442094	15	15
(8, 4, 4)	2	0	502089	169316	16	16
(4, 9, 4)	2	0	203689	563892	18	18
(9, 4, 4)	2	0	728904	173844	26	26
(4, 10, 4)	2	0	338565	146810	18	18
(10, 4, 4)	2	0	125101	249960	11	11
(4, 11, 4)	1	0	453987	401136	30	29
(11, 4, 4)	2	0	104267	246568	20	20
(5, 6, 4)	2	0	245571	196256	15	15
(6, 5, 4)	2	0	307533	51780	12	12
(5, 7, 4)	2	0	226869	126747	16	16
(7, 5, 4)	2	0	145587	71450	11	11
(5, 8, 4)	2	0	256389	481579	15	15
(8, 5, 4)	2	0	486640	111695	11	11
(5, 9, 4)	2	0	366210	632226	20	20
(9, 5, 4)	2	0	527796	71534	12	12
(5, 10, 4)	2	0	212927	60711	14	14
(10, 5, 4)	2	0	103150	70834	9	9
(5, 11, 4)	2	0	266249	113303	12	12
(11, 5, 4)	2	0	149679	79597	13	13
(6, 7, 4)	2	0	259947	169703	15	15
(7, 6, 4)	2	0	211664	422598	17	17
(6, 8, 4)	2	0	327432	225808	13	13
(8, 6, 4)	1	0	876639	876380	44	43
(6, 9, 4)	2	0	259349	509125	14	14
(9, 6, 4)	1	0	784204	893419	36	35
(6, 10, 4)	2	0	429585	91096	11	11
(10, 6, 4)	2	0	81609	132262	12	12
(6, 11, 4)	1	0	502752	227255	25	24
(11, 6, 4)	2	0	144620	343112	18	18
(7, 8, 4)	2	0	204350	375863	16	16
(8, 7, 4)	1	0	793813	506769	28	27
(7, 9, 4)	2	0	128845	471540	10	10
(9, 7, 4)	2	0	569521	69088	14	14
(7, 10, 4)	2	0	204127	94242	17	17
(10, 7, 4)	2	0	137374	83185	12	12
(7, 11, 4)	2	0	196195	99608	13	13
(11, 7, 4)	2	0	102657	80395	15	15
(8, 9, 4)	2	0	887710	757730	30	30
(9, 8, 4)	2	0	419816	294687	8	8
(8, 10, 4)	2	0	650938	147211	17	17
(10, 8, 4)	2	0	111389	337990	12	12
(8, 11, 4)	1	0	741112	425447	32	31
(11, 8, 4)	2	0	121036	342663	15	15
(9, 10, 4)	2	0	569599	54969	14	14
(10, 9, 4)	2	0	111488	405240	13	13
(9, 11, 4)	1	0	719585	344068	31	30
(11, 9, 4)	2	0	149178	501840	14	14
(10, 11, 4)	2	0	87815	34551	9	9
(11, 10, 4)	2	0	119112	20309	11	11
(0, 1, 5)	1	0	381128	619815	34	33
(1, 0, 5)	2	0	230129	157291	16	16
(0, 2, 5)	2	0	658019	375859	45	45
(2, 0, 5)	1	0	286925	478674	31	30
(0, 3, 5)	1	0	231579	632769	20	19
(3, 0, 5)	2	0	838509	366689	29	29
(0, 4, 5)	1	0	363972	468387	27	26
(4, 0, 5)	1	0	592235	509979	41	40
(0, 5, 5)	1	0	184481	165434	18	17
(5, 0, 5)	2	0	494852	271100	28	28
(0, 6, 5)	1	0	482252	690963	24	23
(6, 0, 5)	2	0	715196	283645	21	21
(0, 7, 5)	1	0	329299	146722	19	18
(7, 0, 5)	2	0	311890	216841	24	24
(0, 8, 5)	1	0	371421	717293	24	23
(8, 0, 5)	1	0	925710	800159	47	46
(0, 9, 5)	1	0	726099	794855	36	35
(9, 0, 5)	2	0	621758	154643	17	17
(0, 10, 5)	1	0	129693	137245	12	11
(10, 0, 5)	2	0	326573	392424	27	27
(0, 11, 5)	1	0	223676	256355	25	24
(11, 0, 5)	2	0	316214	291536	27	27
(1, 2, 5)	2	0	313481	351020	25	25
(2, 1, 5)	1	0	405981	450099	33	32
(1, 3, 5)	1	0	708554	969162	55	54
(3, 1, 5)	2	0	897509	374361	31	31
(1, 4, 5)	1	0	356360	414752	26	25
(4, 1, 5)	1	0	639543	619878	44	43
(1, 5, 5)	1	0	526962	686044	44	43
(5, 1, 5)	2	0	592016	550842	33	33
(1, 6, 5)	1	0	75016	160875	16	15
(6, 1, 5)	2	0	586180	165885	18	18
(1, 7, 5)	1	0	186542	342033	22	21
(7, 1, 5)	1	0	857093	714678	45	44
(1, 8, 5)	1	0	475743	757706	27	26
(8, 1, 5)	1	0	809999	630561	36	35
(1, 9, 5)	2	0	227741	579721	16	16
(9, 1, 5)	2	0	605526	130929	16	16
(1, 10, 5)	1	0	69770	113786	12	11
(10, 1, 5)	2	0	333037	347377	24	24
(1, 11, 5)	1	0	473844	500237	36	35
(11, 1, 5)	2	0	170362	131549	16	16
(2, 3, 5)	1	0	513076	812064	32	31
(3, 2, 5)	1	0	985655	855288	59	58
(2, 4, 5)	2	0	478464	336936	19	19
(4, 2, 5)	1	0	791362	745601	51	50
(2, 5, 5)	1	0	191585	155380	19	18
(5, 2, 5)	2	0	337925	177973	18	18
(2, 6, 5)	1	0	265964	581723	20	19
(6, 2, 5)	2	0	711222	350292	28	28
(2, 7, 5)	1	0	195431	259567	21	20
(7, 2, 5)	2	0	267789	229096	23	23
(2, 8, 5)	2	0	302886	636725	21	21
(8, 2, 5)	1	0	636000	428897	19	18
(2, 9, 5)	2	0	624077	771725	35	35
(9, 2, 5)	1	0	823542	842381	45	44
(2, 10, 5)	1	0	146616	101465	10	9
(10, 2, 5)	2	0	329551	584691	28	28
(2, 11, 5)	1	0	194217	210084	20	19
(11, 2, 5)	2	0	213788	137394	19	19
(3, 4, 5)	2	0	914763	548269	40	40
(4, 3, 5)	1	0	611339	940881	50	49
(3, 5, 5)	1	0	317202	148174	18	17
(5, 3, 5)	2	0	568447	847399	35	35
(3, 6, 5)	1	0	431286	469909	17	16
(6, 3, 5)	2	0	490984	362389	19	19
(3, 7, 5)	2	0	941701	730010	43	43
(7, 3, 5)	1	0	705866	951761	43	42
(3, 8, 5)	2	0	977270	880684	52	52
(8, 3, 5)	2	0	720904	542743	19	19
(3, 9, 5)	2	0	958275	791464	39	39
(9, 3, 5)	1	0	717081	714505	27	26
(3, 10, 5)	1	0	256949	144901	15	14
(10, 3, 5)	2	0	317124	659880	29	29
(3, 11, 5)	1	0	639186	288911	25	24
(11, 3, 5)	2	0	181538	326391	16	16
(4, 5, 5)	1	0	509247	530604	31	30
(5, 4, 5)	2	0	334296	337032	21	21
(4, 6, 5)	1	0	117337	174842	18	17
(6, 4, 5)	2	0	768608	512898	32	32
(4, 7, 5)	1	0	261781	260589	13	12
(7, 4, 5)	2	0	234494	336341	18	18
(4, 8, 5)	2	0	327356	538790	23	23
(8, 4, 5)	2	0	477101	156781	11	11
(4, 9, 5)	2	0	846701	878859	69	69
(9, 4, 5)	1	0	795114	679106	38	37
(4, 10, 5)	1	0	183728	93986	8	7
(10, 4, 5)	2	0	763342	889685	72	72
(4, 11, 5)	1	0	652314	531854	45	44
(11, 4, 5)	2	0	379849	526818	32	32
(5, 6, 5)	2	0	490771	711813	29	29
(6, 5, 5)	1	0	472033	155028	20	19
(5, 7, 5)	1	0	196109	185504	15	14
(7, 5, 5)	1	0	160808	131597	21	20
(5, 8, 5)	2	0	338052	471267	17	17
(8, 5, 5)	1	0	709015	469341	31	30
(5, 9, 5)	2	0	535207	746988	29	29
(9, 5, 5)	1	0	674590	184133	27	26
(5, 10, 5)	1	0	85518	92700	12	11
(10, 5, 5)	1	0	375191	725840	41	40
(5, 11, 5)	1	0	515470	362700	31	30
(11, 5, 5)	2	0	142051	118307	12	12
(6, 7, 5)	1	0	403249	271021	18	17
(7, 6, 5)	1	0	58752	124384	11	10
(6, 8, 5)	2	0	273917	568446	19	19
(8, 6, 5)	1	0	397770	163352	17	16
(6, 9, 5)	2	0	521789	611622	18	18
(9, 6, 5)	1	0	615540	688935	18	17
(6, 10, 5)	1	0	371169	192556	20	19
(10, 6, 5)	2	0	352261	745033	24	24
(6, 11, 5)	1	0	724630	376295	33	32
(11, 6, 5)	2	0	273649	532987	27	27
(7, 8, 5)	2	0	392850	722842	27	27
(8, 7, 5)	1	0	493502	215645	14	13
(7, 9, 5)	2	0	449493	680952	23	23
(9, 7, 5)	1	0	640528	273270	20	19
(7, 10, 5)	1	0	515656	425262	42	41
(10, 7, 5)	1	0	74860	86192	11	10
(7, 11, 5)	1	0	740314	570235	44	43
(11, 7, 5)	2	0	274003	186444	24	24
(8, 9, 5)	1	0	838476	761885	31	30
(9, 8, 5)	1	0	555593	495418	14	13
(8, 10, 5)	1	0	387395	132257	17	16
(10, 8, 5)	2	0	388521	762036	31	31
(8, 11, 5)	1	0	715391	286842	25	24
(11, 8, 5)	2	0	233334	545209	20	20
(9, 10, 5)	1	0	387775	93487	8	7
(10, 9, 5)	1	0	38162	569612	15	14
(9, 11, 5)	1	0	738840	377969	34	33
(11, 9, 5)	2	0	199131	612164	21	21
(10, 11, 5)	1	0	313024	366826	35	34
(11, 10, 5)	1	0	551394	485386	41	40
(0, 1, 6)	1	0	147528	227018	19	18
(1, 0, 6)	1	0	472127	678305	39	38
(0, 2, 6)	1	0	208738	385857	20	19
(2, 0, 6)	2	0	635726	380346	30	30
(0, 3, 6)	1	0	191270	754239	23	22
(3, 0, 6)	1	0	980848	844426	67	66
(0, 4, 6)	1	0	78194	168677	10	9
(4, 0, 6)	1	0	124930	211432	15	14
(0, 5, 6)	1	0	208759	359051	24	23
(5, 0, 6)	2	0	313426	274920	18	18
(0, 6, 6)	1	0	68551	441567	14	13
(6, 0, 6)	2	0	579378	296309	17	17
(0, 7, 6)	1	0	67779	363349	14	13
(7, 0, 6)	2	0	275032	244158	15	15
(0, 8, 6)	2	0	857871	967178	67	67
(8, 0, 6)	1	0	571099	478143	20	19
(0, 9, 6)	1	0	87284	450495	10	9
(9, 0, 6)	1	0	629496	334090	21	20
(0, 10, 6)	1	0	65893	139031	13	12
(10, 0, 6)	2	0	276633	280139	26	26
(0, 11, 6)	1	0	83100	95718	14	13
(11, 0, 6)	2	0	219312	174966	20	20
(1, 2, 6)	1	0	392373	489416	24	23
(2, 1, 6)	1	0	577499	625942	33	32
(1, 3, 6)	1	0	519738	794462	28	27
(3, 1, 6)	1	0	829457	652986	32	31
(1, 4, 6)	1	0	479216	481799	27	26
(4, 1, 6)	1	0	460402	495711	30	29
(1, 5, 6)	1	0	150192	223975	18	17
(5, 1, 6)	2	0	193223	176889	21	21
(1, 6, 6)	1	0	62368	255585	12	11
(6, 1, 6)	2	0	557576	182659	22	22
(1, 7, 6)	1	0	75941	160428	11	10
(7, 1, 6)	2	0	573310	402782	19	19
(1, 8, 6)	1	0	644685	809268	37	36
(8, 1, 6)	1	0	490844	238271	19	18
(1, 9, 6)	1	0	278610	650958	20	19
(9, 1, 6)	1	0	559210	189218	16	15
(1, 10, 6)	1	0	66867	104235	12	11
(10, 1, 6)	2	0	448654	644336	38	38
(1, 11, 6)	1	0	175636	251504	20	19
(11, 1, 6)	2	0	345834	250349	30	30
(2, 3, 6)	2	0	770819	910243	37	37
(3, 2, 6)	1	0	248495	60985	13	12
(2, 4, 6)	1	0	251905	332090	19	18
(4, 2, 6)	1	0	408583	513586	25	24
(2, 5, 6)	1	0	325605	376391	26	25
(5, 2, 6)	2	0	204304	240773	20	20
(2, 6, 6)	1	0	41166	242978	14	13
(6, 2, 6)	2	0	738837	346901	21	21
(2, 7, 6)	1	0	71058	156055	10	9
(7, 2, 6)	2	0	287972	274965	16	16
(2, 8, 6)	1	0	777121	935950	47	46
(8, 2, 6)	1	0	754554	349749	26	25
(2, 9, 6)	1	0	101175	450496	10	9
(9, 2, 6)	1	0	594796	194663	19	18
(2, 10, 6)	1	0	37961	103615	11	10
(10, 2, 6)	2	0	451855	443057	34	34
(2, 11, 6)	1	0	181776	224258	19	18
(11, 2, 6)	2	0	267428	286703	26	26
(3, 4, 6)	1	0	303567	202151	13	12
(4, 3, 6)	1	0	304792	456075	20	19
(3, 5, 6)	1	0	428472	199034	18	17
(5, 3, 6)	2	0	561215	907840	36	36
(3, 6, 6)	1	0	243283	405438	16	15
(6, 3, 6)	2	0	517871	511738	18	18
(3, 7, 6)	1	0	275469	222694	10	9
(7, 3, 6)	1	0	287837	690051	20	19
(3, 8, 6)	1	0	510952	584259	17	16
(8, 3, 6)	1	0	627708	674401	26	25
(3, 9, 6)	1	0	306826	419713	9	8
(9, 3, 6)	1	0	606616	527192	21	20
(3, 10, 6)	1	0	305967	115990	15	14
(10, 3, 6)	2	0	281379	724812	21	21
(3, 11, 6)	1	0	425837	114192	15	14
(11, 3, 6)	2	0	325390	700530	23	23
(4, 5, 6)	1	0	183205	215582	19	18
(5, 4, 6)	2	0	243429	295238	22	22
(4, 6, 6)	1	0	365408	573597	18	17
(6, 4, 6)	2	0	506006	325728	22	22
(4, 7, 6)	1	0	304357	242938	15	14
(7, 4, 6)	2	0	366131	360179	21	21
(4, 8, 6)	1	0	475758	796144	23	22
(8, 4, 6)	1	0	345517	195276	14	13
(4, 9, 6)	2	0	625640	747228	34	34
(9, 4, 6)	1	0	564945	218467	16	15
(4, 10, 6)	1	0	285271	157986	18	17
(10, 4, 6)	2	0	285213	477664	23	23
(4, 11, 6)	1	0	246514	84857	14	13
(11, 4, 6)	2	0	426794	570285	32	32
(5, 6, 6)	1	0	129733	178126	9	8
(6, 5, 6)	2	0	254143	127790	10	10
(5, 7, 6)	2	0	591736	638844	39	39
(7, 5, 6)	1	0	271498	281046	24	23
(5, 8, 6)	2	0	423731	689208	26	26
(8, 5, 6)	1	0	530394	269874	17	16
(5, 9, 6)	2	0	391250	663155	24	24
(9, 5, 6)	1	0	556122	238537	16	15
(5, 10, 6)	1	0	132619	114797	13	12
(10, 5, 6)	1	0	180487	411897	24	23
(5, 11, 6)	2	0	512786	297111	29	29
(11, 5, 6)	2	0	475335	610224	38	38
(6, 7, 6)	1	0	262292	184279	12	11
(7, 6, 6)	1	0	185581	515920	20	19
(6, 8, 6)	2	0	795939	752486	26	26
(8, 6, 6)	1	0	487953	400479	16	15
(6, 9, 6)	2	0	463076	630646	18	18
(9, 6, 6)	1	0	555149	292777	24	23
(6, 10, 6)	1	0	171226	153279	15	14
(10, 6, 6)	1	0	34397	169009	13	12
(6, 11, 6)	2	0	747334	443591	34	34
(11, 6, 6)	1	0	69920	348764	10	9
(7, 8, 6)	1	0	234177	726266	20	19
(8, 7, 6)	1	0	339997	207401	14	13
(7, 9, 6)	2	0	962289	867444	57	57
(9, 7, 6)	1	0	571796	544013	20	19
(7, 10, 6)	1	0	92919	130204	12	11
(10, 7, 6)	2	0	403761	624668	30	30
(7, 11, 6)	1	0	116901	146250	17	16
(11, 7, 6)	2	0	487528	677895	50	50
(8, 9, 6)	1	0	419064	588145	16	15
(9, 8, 6)	1	0	699636	693481	24	23
(8, 10, 6)	1	0	280710	131675	15	14
(10, 8, 6)	2	0	603004	937120	52	52
(8, 11, 6)	1	0	157329	45151	10	9
(11, 8, 6)	2	0	559840	914113	49	49
(9, 10, 6)	1	0	461959	170680	15	14
(10, 9, 6)	2	0	317809	654330	28	28
(9, 11, 6)	1	0	539160	79163	18	17
(11, 9, 6)	2	0	616597	813566	54	54
(10, 11, 6)	1	0	293799	440237	31	30
(11, 10, 6)	1	0	82118	148207	13	12
(0, 1, 7)	1	0	267233	404713	25	24
(1, 0, 7)	1	0	533334	642933	34	33
(0, 2, 7)	1	0	473416	671596	46	45
(2, 0, 7)	2	0	693125	722113	38	38
(0, 3, 7)	1	0	259453	747311	25	24
(3, 0, 7)	1	0	527571	147585	16	15
(0, 4, 7)	1	0	191952	433673	23	22
(4, 0, 7)	2	0	571371	621996	38	38
(0, 5, 7)	1	0	124010	133905	12	11
(5, 0, 7)	2	0	442382	344323	24	24
(0, 6, 7)	1	0	45150	391952	15	14
(6, 0, 7)	2	0	669244	371476	19	19
(0, 7, 7)	1	0	80618	225810	14	13
(7, 0, 7)	1	0	981519	810011	60	59
(0, 8, 7)	2	0	822714	910624	45	45
(8, 0, 7)	1	0	770937	645310	34	33
(0, 9, 7)	1	0	327688	688440	23	22
(9, 0, 7)	1	0	792201	747629	43	42
(0, 10, 7)	1	0	52712	157513	15	14
(10, 0, 7)	2	0	293480	283024	28	28
(0, 11, 7)	1	0	60276	90656	13	12
(11, 0, 7)	2	0	474391	447159	39	39
(1, 2, 7)	1	0	118453	105476	13	12
(2, 1, 7)	2	0	588936	519143	31	31
(1, 3, 7)	1	0	273651	755168	22	21
(3, 1, 7)	2	0	918333	610854	42	42
(1, 4, 7)	1	0	257715	276544	17	16
(4, 1, 7)	1	0	515647	538446	29	28
(1, 5, 7)	1	0	277928	404077	26	25
(5, 1, 7)	2	0	465021	449155	27	27
(1, 6, 7)	1	0	77225	270819	18	17
(6, 1, 7)	2	0	778470	471714	33	33
(1, 7, 7)	1	0	98379	157513	12	11
(7, 1, 7)	1	0	425604	440034	30	29
(1, 8, 7)	1	0	256224	510887	17	16
(8, 1, 7)	1	0	660805	613467	27	26
(1, 9, 7)	1	0	190191	569554	15	14
(9, 1, 7)	1	0	637420	516200	23	22
(1, 10, 7)	1	0	83205	133348	15	14
(10, 1, 7)	2	0	205306	399466	20	20
(1, 11, 7)	1	0	110675	81524	15	14
(11, 1, 7)	2	0	364466	356912	28	28
(2, 3, 7)	2	0	776826	985549	55	55
(3, 2, 7)	2	0	968834	677872	46	46
(2, 4, 7)	2	0	512181	537893	28	28
(4, 2, 7)	1	0	368521	375977	25	24
(2, 5, 7)	1	0	408972	452341	30	29
(5, 2, 7)	2	0	543132	473812	35	35
(2, 6, 7)	1	0	85590	154911	9	8
(6, 2, 7)	2	0	621483	240087	23	23
(2, 7, 7)	1	0	161991	295049	15	14
(7, 2, 7)	2	0	364923	168371	14	14
(2, 8, 7)	2	0	702045	869249	36	36
(8, 2, 7)	1	0	492628	162238	13	12
(2, 9, 7)	1	0	73195	605556	17	16
(9, 2, 7)	1	0	748290	679797	33	32
(2, 10, 7)	1	0	87246	88710	10	9
(10, 2, 7)	2	0	302761	319112	24	24
(2, 11, 7)	1	0	130114	144531	17	16
(11, 2, 7)	2	0	663697	557960	56	56
(3, 4, 7)	2	0	903972	587358	39	39
(4, 3, 7)	1	0	457115	798144	23	22
(3, 5, 7)	1	0	761638	450718	25	24
(5, 3, 7)	2	0	432841	663606	22	22
(3, 6, 7)	1	0	142768	320392	14	13
(6, 3, 7)	1	0	859691	947579	39	38
(3, 7, 7)	1	0	264370	192587	10	9
(7, 3, 7)	2	0	165298	269935	12	12
(3, 8, 7)	2	0	942989	839562	40	40
(8, 3, 7)	1	0	886348	953681	39	38
(3, 9, 7)	2	0	927984	742805	39	39
(9, 3, 7)	1	0	705580	823281	29	28
(3, 10, 7)	1	0	241143	84988	11	10
(10, 3, 7)	2	0	424022	908390	32	32
(3, 11, 7)	1	0	377233	126029	18	17
(11, 3, 7)	2	0	544962	944272	47	47
(4, 5, 7)	1	0	188057	155646	20	19
(5, 4, 7)	2	0	484742	573995	38	38
(4, 6, 7)	1	0	304623	320547	15	14
(6, 4, 7)	2	0	628742	337663	19	19
(4, 7, 7)	1	0	256972	245160	12	11
(7, 4, 7)	2	0	389359	332955	20	20
(4, 8, 7)	2	0	727133	892261	49	49
(8, 4, 7)	1	0	755566	536367	32	31
(4, 9, 7)	2	0	755658	830889	49	49
(9, 4, 7)	1	0	518393	222797	14	13
(4, 10, 7)	1	0	222787	149408	21	20
(10, 4, 7)	2	0	535116	764380	52	52
(4, 11, 7)	1	0	277419	66819	16	15
(11, 4, 7)	2	0	466543	603341	35	35
(5, 6, 7)	1	0	223788	365501	15	14
(6, 5, 7)	1	0	253764	113602	15	14
(5, 7, 7)	1	0	206255	352151	12	11
(7, 5, 7)	1	0	572064	372950	26	25
(5, 8, 7)	2	0	365401	614183	25	25
(8, 5, 7)	1	0	542212	338589	23	22
(5, 9, 7)	2	0	711818	756366	43	43
(9, 5, 7)	1	0	599006	214988	21	20
(5, 10, 7)	1	0	363763	250847	20	19
(10, 5, 7)	1	0	196733	456649	34	33
(5, 11, 7)	1	0	343963	327760	29	28
(11, 5, 7)	1	0	180346	325054	25	24
(6, 7, 7)	1	0	458106	201503	15	14
(7, 6, 7)	1	0	359927	799322	32	31
(6, 8, 7)	2	0	677887	668743	20	20
(8, 6, 7)	1	0	481436	462919	15	14
(6, 9, 7)	2	0	900906	737636	33	33
(9, 6, 7)	1	0	447654	231084	16	15
(6, 10, 7)	1	0	148142	89293	13	12
(10, 6, 7)	1	0	50965	341189	15	14
(6, 11, 7)	1	0	867976	582925	49	48
(11, 6, 7)	1	0	201252	599422	22	21
(7, 8, 7)	2	0	450358	567104	19	19
(8, 7, 7)	1	0	275664	312998	18	17
(7, 9, 7)	2	0	389266	619043	18	18
(9, 7, 7)	1	0	434183	187616	14	13
(7, 10, 7)	1	0	128825	126882	14	13
(10, 7, 7)	2	0	403667	652633	28	28
(7, 11, 7)	1	0	670331	446796	34	33
(11, 7, 7)	2	0	325052	630723	31	31
(8, 9, 7)	1	0	870841	754421	30	29
(9, 8, 7)	2	0	746239	791248	28	28
(8, 10, 7)	1	0	276308	140793	16	15
(10, 8, 7)	2	0	263520	597665	22	22
(8, 11, 7)	1	0	633624	295569	27	26
(11, 8, 7)	2	0	573658	907499	48	48
(9, 10, 7)	1	0	564982	203199	20	19
(10, 9, 7)	2	0	474233	759010	41	41
(9, 11, 7)	1	0	636225	331858	27	26
(11, 9, 7)	1	0	160968	588207	16	15
(10, 11, 7)	1	0	391924	527021	47	46
(11, 10, 7)	1	0	91272	108362	12	11
(0, 1, 8)	1	0	186665	238407	23	22
(1, 0, 8)	1	0	395673	744406	34	33
(0, 2, 8)	1	0	187727	394795	22	21
(2, 0, 8)	2	0	360402	257371	20	20
(0, 3, 8)	1	0	188331	634397	22	21
(3, 0, 8)	2	0	734956	373667	23	23
(0, 4, 8)	1	0	197619	369091	21	20
(4, 0, 8)	2	0	519477	291113	27	27
(0, 5, 8)	1	0	326356	348926	21	20
(5, 0, 8)	2	0	460882	265125	24	24
(0, 6, 8)	2	0	766793	942234	50	50
(6, 0, 8)	2	0	465583	77918	16	16
(0, 7, 8)	1	0	105114	182873	20	19
(7, 0, 8)	2	0	404914	142867	16	16
(0, 8, 8)	1	0	514813	901997	40	39
(8, 0, 8)	1	0	964221	868232	69	68
(0, 9, 8)	1	0	349348	719619	26	25
(9, 0, 8)	2	0	605603	204629	16	16
(0, 10, 8)	1	0	109333	153788	20	19
(10, 0, 8)	2	0	238249	211397	20	20
(0, 11, 8)	1	0	142778	268544	23	22
(11, 0, 8)	2	0	187578	152506	17	17
(1, 2, 8)	2	0	604261	450489	37	37
(2, 1, 8)	1	0	586413	395914	42	41
(1, 3, 8)	1	0	408958	734651	32	31
(3, 1, 8)	2	0	956590	636920	49	49
(1, 4, 8)	1	0	540755	620074	39	38
(4, 1, 8)	2	0	254187	79312	18	18
(1, 5, 8)	1	0	259606	460128	27	26
(5, 1, 8)	1	0	438361	415699	28	27
(1, 6, 8)	1	0	147676	554963	15	14
(6, 1, 8)	2	0	519760	74746	21	21
(1, 7, 8)	1	0	120157	130847	16	15
(7, 1, 8)	2	0	262103	116080	17	17
(1, 8, 8)	2	0	752632	932809	51	51
(8, 1, 8)	2	0	774074	422139	22	22
(1, 9, 8)	2	0	491733	753459	35	35
(9, 1, 8)	2	0	636804	363190	18	18
(1, 10, 8)	1	0	154744	196804	17	16
(10, 1, 8)	1	0	136500	274649	18	17
(1, 11, 8)	1	0	296466	278295	28	27
(11, 1, 8)	2	0	398475	355613	32	32
(2, 3, 8)	2	0	225809	466559	17	17
(3, 2, 8)	1	0	794211	598696	31	30
(2, 4, 8)	1	0	561838	543486	37	36
(4, 2, 8)	1	0	426944	341134	26	25
(2, 5, 8)	1	0	492090	562275	27	26
(5, 2, 8)	2	0	478117	409064	31	31
(2, 6, 8)	1	0	276979	760166	29	28
(6, 2, 8)	2	0	522900	412190	23	23
(2, 7, 8)	1	0	173333	173287	13	12
(7, 2, 8)	2	0	262788	163538	17	17
(2, 8, 8)	2	0	672774	826036	36	36
(8, 2, 8)	1	0	756342	411519	24	23
(2, 9, 8)	2	0	634903	742688	31	31
(9, 2, 8)	2	0	806088	597441	37	37
(2, 10, 8)	1	0	197768	286699	30	29
(10, 2, 8)	1	0	135054	342484	20	19
(2, 11, 8)	1	0	259227	251972	22	21
(11, 2, 8)	2	0	490609	480184	35	35
(3, 4, 8)	1	0	811874	643333	37	36
(4, 3, 8)	1	0	769250	980394	59	58
(3, 5, 8)	2	0	683467	435039	29	29
(5, 3, 8)	1	0	526517	785105	28	27
(3, 6, 8)	1	0	317761	507019	18	17
(6, 3, 8)	2	0	487816	354273	19	19
(3, 7, 8)	1	0	397584	127885	17	16
(7, 3, 8)	2	0	273629	349757	17	17
(3, 8, 8)	2	0	950691	817242	42	42
(8, 3, 8)	2	0	758430	715262	22	22
(3, 9, 8)	1	0	531595	664106	21	20
(9, 3, 8)	2	0	776031	813258	32	32
(3, 10, 8)	1	0	569119	254562	22	21
(10, 3, 8)	2	0	328705	796901	29	29
(3, 11, 8)	1	0	610303	285185	27	26
(11, 3, 8)	2	0	310712	874911	35	35
(4, 5, 8)	1	0	369985	390166	24	23
(5, 4, 8)	1	0	595847	565428	31	30
(4, 6, 8)	1	0	495898	729292	36	35
(6, 4, 8)	2	0	616853	215311	14	14
(4, 7, 8)	1	0	367198	223419	25	24
(7, 4, 8)	2	0	367166	383857	24	24
(4, 8, 8)	2	0	685682	833730	39	39
(8, 4, 8)	1	0	870974	725288	43	42
(4, 9, 8)	1	0	305422	636931	19	18
(9, 4, 8)	1	0	851475	710421	53	52
(4, 10, 8)	1	0	316843	236680	18	17
(10, 4, 8)	2	0	518459	630484	48	48
(4, 11, 8)	1	0	491300	398982	32	31
(11, 4, 8)	2	0	442582	442707	31	31
(5, 6, 8)	1	0	232683	518936	14	13
(6, 5, 8)	2	0	463183	299143	23	23
(5, 7, 8)	1	0	327652	182883	17	16
(7, 5, 8)	2	0	385724	254853	16	16
(5, 8, 8)	2	0	390765	549077	21	21
(8, 5, 8)	2	0	564389	272864	14	14
(5, 9, 8)	2	0	392285	695034	27	27
(9, 5, 8)	1	0	728632	451869	31	30
(5, 10, 8)	1	0	268585	162508	21	20
(10, 5, 8)	2	0	175790	231259	14	14
(5, 11, 8)	1	0	343240	225056	21	20
(11, 5, 8)	1	0	206402	548856	28	27
(6, 7, 8)	1	0	449540	124471	16	15
(7, 6, 8)	2	0	399064	536360	19	19
(6, 8, 8)	2	0	526466	421419	15	15
(8, 6, 8)	1	0	443905	491320	15	14
(6, 9, 8)	2	0	563544	657246	21	21
(9, 6, 8)	1	0	534125	566167	15	14
(6, 10, 8)	1	0	464195	233861	19	18
(10, 6, 8)	1	0	115537	515484	18	17
(6, 11, 8)	2	0	668569	190088	26	26
(11, 6, 8)	1	0	134530	496139	15	14
(7, 8, 8)	2	0	389906	419947	16	16
(8, 7, 8)	1	0	343161	128906	11	10
(7, 9, 8)	2	0	427526	582967	17	17
(9, 7, 8)	1	0	454988	121236	11	10
(7, 10, 8)	1	0	87336	162521	21	20
(10, 7, 8)	1	0	114839	126624	16	15
(7, 11, 8)	1	0	231710	355373	31	30
(11, 7, 8)	1	0	111827	127780	16	15
(8, 9, 8)	1	0	447039	569493	15	14
(9, 8, 8)	2	0	709964	655166	24	24
(8, 10, 8)	1	0	532930	194314	21	20
(10, 8, 8)	1	0	134993	474857	17	16
(8, 11, 8)	1	0	624512	269758	23	22
(11, 8, 8)	1	0	162582	513833	18	17
(9, 10, 8)	1	0	574074	149718	15	14
(10, 9, 8)	1	0	133848	605437	17	16
(9, 11, 8)	1	0	700008	451174	31	30
(11, 9, 8)	2	0	169828	572779	19	19
(10, 11, 8)	1	0	76994	119484	16	15
(11, 10, 8)	1	0	212265	144810	22	21
(0, 1, 9)	1	0	76728	77224	13	12
(1, 0, 9)	2	0	723303	806208	48	48
(0, 2, 9)	1	0	194378	280911	19	18
(2, 0, 9)	2	0	442012	428020	23	23
(0, 3, 9)	1	0	220640	459204	17	16
(3, 0, 9)	2	0	735336	327439	27	27
(0, 4, 9)	2	0	853058	771721	64	64
(4, 0, 9)	1	0	334152	420675	27	26
(0, 5, 9)	1	0	116963	175070	16	15
(5, 0, 9)	1	0	477330	576529	28	27
(0, 6, 9)	1	0	357888	544026	21	20
(6, 0, 9)	2	0	466522	107618	20	20
(0, 7, 9)	1	0	117556	160004	16	15
(7, 0, 9)	2	0	276340	153144	16	16
(0, 8, 9)	1	0	521461	820059	30	29
(8, 0, 9)	1	0	762566	640285	32	31
(0, 9, 9)	1	0	388411	746336	29	28
(9, 0, 9)	2	0	676775	430862	21	21
(0, 10, 9)	1	0	412224	395971	33	32
(10, 0, 9)	2	0	219948	151665	25	25
(0, 11, 9)	1	0	117865	109199	14	13
(11, 0, 9)	2	0	115176	126983	16	16
(1, 2, 9)	2	0	286235	102223	22	22
(2, 1, 9)	2	0	530555	306885	31	31
(1, 3, 9)	2	0	860715	983604	71	71
(3, 1, 9)	1	0	215309	95241	13	12
(1, 4, 9)	2	0	380205	310482	22	22
(4, 1, 9)	1	0	762023	819217	60	59
(1, 5, 9)	1	0	68376	150959	22	21
(5, 1, 9)	2	0	488967	466785	28	28
(1, 6, 9)	1	0	664651	800423	39	38
(6, 1, 9)	2	0	403539	120822	19	19
(1, 7, 9)	1	0	354154	308268	20	19
(7, 1, 9)	1	0	333293	484633	26	25
(1, 8, 9)	2	0	776751	804403	36	36
(8, 1, 9)	1	0	613091	379946	24	23
(1, 9, 9)	2	0	695052	731380	32	32
(9, 1, 9)	1	0	709200	401100	26	25
(1, 10, 9)	1	0	187264	199077	22	21
(10, 1, 9)	2	0	377535	543387	32	32
(1, 11, 9)	1	0	235528	126805	18	17
(11, 1, 9)	2	0	321129	253867	22	22
(2, 3, 9)	1	0	424361	614499	26	25
(3, 2, 9)	2	0	872937	333684	34	34
(2, 4, 9)	2	0	862856	675133	54	54
(4, 2, 9)	2	0	450950	327591	27	27
(2, 5, 9)	1	0	569409	574954	34	33
(5, 2, 9)	2	0	781932	651535	51	51
(2, 6, 9)	1	0	419117	646511	27	26
(6, 2, 9)	1	0	642282	359528	22	21
(2, 7, 9)	1	0	504160	464154	26	25
(7, 2, 9)	2	0	145991	219009	15	15
(2, 8, 9)	1	0	585047	816767	32	31
(8, 2, 9)	1	0	704715	302464	24	23
(2, 9, 9)	2	0	656800	731513	36	36
(9, 2, 9)	1	0	699899	606717	25	24
(2, 10, 9)	1	0	380855	196950	20	19
(10, 2, 9)	2	0	133285	66026	16	16
(2, 11, 9)	1	0	262534	211256	24	23
(11, 2, 9)	1	0	201367	292583	18	17
(3, 4, 9)	2	0	525248	219269	22	22
(4, 3, 9)	1	0	512196	852953	57	56
(3, 5, 9)	1	0	866765	609514	36	35
(5, 3, 9)	2	0	551324	880396	33	33
(3, 6, 9)	1	0	845014	807771	31	30
(6, 3, 9)	2	0	540991	600038	20	20
(3, 7, 9)	1	0	279335	176391	16	15
(7, 3, 9)	1	0	167186	407608	15	14
(3, 8, 9)	2	0	931638	857882	39	39
(8, 3, 9)	1	0	708914	733321	27	26
(3, 9, 9)	2	0	987250	851942	57	57
(9, 3, 9)	1	0	725071	750706	27	26
(3, 10, 9)	1	0	594975	183827	17	16
(10, 3, 9)	2	0	422525	876092	37	37
(3, 11, 9)	1	0	361722	224687	21	20
(11, 3, 9)	2	0	299509	692223	22	22
(4, 5, 9)	1	0	122307	105570	19	18
(5, 4, 9)	1	0	88606	153545	13	12
(4, 6, 9)	1	0	121679	182813	13	12
(6, 4, 9)	2	0	491574	406792	27	27
(4, 7, 9)	2	0	615327	378077	40	40
(7, 4, 9)	2	0	261231	281601	16	16
(4, 8, 9)	2	0	716230	907311	46	46
(8, 4, 9)	1	0	481327	162012	20	19
(4, 9, 9)	2	0	347481	642055	24	24
(9, 4, 9)	1	0	621737	412086	21	20
(4, 10, 9)	1	0	408624	269393	25	24
(10, 4, 9)	2	0	664998	703524	75	75
(4, 11, 9)	1	0	358495	236489	25	24
(11, 4, 9)	2	0	192029	246205	23	23
(5, 6, 9)	1	0	256845	412317	17	16
(6, 5, 9)	1	0	507916	368761	27	26
(5, 7, 9)	1	0	650013	671478	31	30
(7, 5, 9)	1	0	166182	187225	17	16
(5, 8, 9)	2	0	712900	843859	44	44
(8, 5, 9)	1	0	477689	284351	19	18
(5, 9, 9)	2	0	464181	684527	30	30
(9, 5, 9)	1	0	653728	321043	23	22
(5, 10, 9)	1	0	118562	110525	14	13
(10, 5, 9)	2	0	218426	280631	19	19
(5, 11, 9)	1	0	132602	114687	15	14
(11, 5, 9)	2	0	155581	133978	16	16
(6, 7, 9)	2	0	479130	141497	23	23
(7, 6, 9)	1	0	185424	386635	17	16
(6, 8, 9)	2	0	535414	619665	20	20
(8, 6, 9)	1	0	440351	326813	20	19
(6, 9, 9)	2	0	529637	612576	20	20
(9, 6, 9)	1	0	556328	409959	14	13
(6, 10, 9)	1	0	285751	99427	13	12
(10, 6, 9)	1	0	366358	853697	36	35
(6, 11, 9)	1	0	337640	106386	14	13
(11, 6, 9)	2	0	237367	520268	26	26
(7, 8, 9)	2	0	584514	845971	35	35
(8, 7, 9)	1	0	492926	343499	21	20
(7, 9, 9)	2	0	398658	667719	23	23
(9, 7, 9)	1	0	576490	397330	16	15
(7, 10, 9)	1	0	364272	249019	24	23
(10, 7, 9)	2	0	446711	832475	37	37
(7, 11, 9)	1	0	263366	234454	21	20
(11, 7, 9)	2	0	399650	381445	31	31
(8, 9, 9)	1	0	604077	605568	17	16
(9, 8, 9)	1	0	673221	674170	21	20
(8, 10, 9)	1	0	344280	182977	21	20
(10, 8, 9)	2	0	517325	917328	41	41
(8, 11, 9)	1	0	387686	115398	16	15
(11, 8, 9)	2	0	457286	770668	32	32
(9, 10, 9)	1	0	742647	254155	29	28
(10, 9, 9)	2	0	417680	757212	45	45
(9, 11, 9)	1	0	543004	116440	16	15
(11, 9, 9)	2	0	451484	735212	43	43
(10, 11, 9)	1	0	59077	117198	12	11
(11, 10, 9)	1	0	183377	200957	22	21
(0, 1, 10)	2	0	683473	344592	35	35
(1, 0, 10)	2	0	484285	178482	24	24
(0, 2, 10)	1	0	613466	571697	41	40
(2, 0, 10)	1	0	788931	863277	68	67
(0, 3, 10)	1	0	594899	939486	41	40
(3, 0, 10)	2	0	565043	137398	23	23
(0, 4, 10)	2	0	853422	810176	63	63
(4, 0, 10)	2	0	289587	62475	17	17
(0, 5, 10)	1	0	395775	452667	29	28
(5, 0, 10)	2	0	211170	146976	17	17
(0, 6, 10)	1	0	423141	721306	25	24
(6, 0, 10)	2	0	606737	206639	22	22
(0, 7, 10)	1	0	759358	893961	51	50
(7, 0, 10)	2	0	226066	106759	7	7
(0, 8, 10)	2	0	855289	945244	63	63
(8, 0, 10)	2	0	758648	185921	27	27
(0, 9, 10)	2	0	815942	825924	66	66
(9, 0, 10)	2	0	719726	158676	25	25
(0, 10, 10)	1	0	281094	206466	20	19
(10, 0, 10)	1	4	167982	174960	10	9
(0, 11, 10)	1	0	342705	334919	34	33
(11, 0, 10)	2	0	308556	278213	27	27
(1, 2, 10)	2	0	746980	778066	53	53
(2, 1, 10)	2	0	375220	268718	20	20
(1, 3, 10)	1	0	635334	835039	38	37
(3, 1, 10)	2	0	822005	358873	39	39
(1, 4, 10)	1	0	756973	666345	43	42
(4, 1, 10)	2	0	282382	133936	19	19
(1, 5, 10)	1	0	264084	428118	24	23
(5, 1, 10)	2	0	381537	193359	28	28
(1, 6, 10)	1	0	432831	741805	35	34
(6, 1, 10)	2	0	528485	156881	25	25
(1, 7, 10)	1	0	345704	638356	24	23
(7, 1, 10)	2	0	351806	214664	16	16
(1, 8, 10)	2	0	570785	636193	24	24
(8, 1, 10)	2	0	733418	374340	20	20
(1, 9, 10)	2	0	761629	740190	41	41
(9, 1, 10)	2	0	569499	203522	14	14
(1, 10, 10)	1	0	409229	322778	30	29
(10, 1, 10)	2	0	109211	90759	16	16
(1, 11, 10)	2	0	605480	568170	50	50
(11, 1, 10)	2	0	298538	199869	24	24
(2, 3, 10)	2	0	755315	980393	60	60
(3, 2, 10)	2	0	841627	464546	38	38
(2, 4, 10)	2	0	492448	570425	28	28
(4, 2, 10)	2	0	228721	54149	15	15
(2, 5, 10)	2	0	678600	495896	24	24
(5, 2, 10)	2	0	310648	278079	26	26
(2, 6, 10)	1	0	407407	672061	27	26
(6, 2, 10)	2	0	403004	229852	16	16
(2, 7, 10)	1	0	501792	491343	28	27
(7, 2, 10)	2	0	698155	543745	32	32
(2, 8, 10)	2	0	541315	708161	21	21
(8, 2, 10)	1	0	963065	907527	54	53
(2, 9, 10)	2	0	574792	633898	26	26
(9, 2, 10)	2	0	504082	12876	11	11
(2, 10, 10)	1	0	380236	312647	30	29
(10, 2, 10)	2	0	158578	154842	16	16
(2, 11, 10)	1	0	196140	233167	23	22
(11, 2, 10)	2	0	199469	219536	20	20
(3, 4, 10)	2	0	955027	632778	41	41
(4, 3, 10)	2	0	306171	578952	19	19
(3, 5, 10)	1	0	689087	440961	23	22
(5, 3, 10)	2	0	342131	611025	27	27
(3, 6, 10)	1	0	592073	417415	17	16
(6, 3, 10)	2	0	666572	698598	27	27
(3, 7, 10)	1	0	838940	557461	35	34
(7, 3, 10)	2	0	186043	270767	9	9
(3, 8, 10)	2	0	936056	834324	42	42
(8, 3, 10)	1	0	780131	831721	27	26
(3, 9, 10)	2	0	967768	776117	41	41
(9, 3, 10)	1	0	873987	988834	69	68
(3, 10, 10)	1	0	821668	323026	30	29
(10, 3, 10)	1	0	723917	989514	79	78
(3, 11, 10)	1	0	638282	268678	23	22
(11, 3, 10)	2	0	454449	823518	33	33
(4, 5, 10)	1	0	571231	606394	34	33
(5, 4, 10)	2	0	547768	499487	34	34
(4, 6, 10)	1	0	453893	831557	36	35
(6, 4, 10)	2	0	385190	249380	18	18
(4, 7, 10)	2	0	791747	856974	51	51
(7, 4, 10)	2	0	313270	215380	18	18
(4, 8, 10)	2	0	520532	806208	35	35
(8, 4, 10)	1	0	662750	390833	23	22
(4, 9, 10)	2	0	663613	751738	38	38
(9, 4, 10)	2	0	605602	216238	16	16
(4, 10, 10)	2	0	167397	79205	11	11
(10, 4, 10)	2	0	145405	280080	16	16
(4, 11, 10)	1	0	534715	339949	29	28
(11, 4, 10)	2	0	358446	432693	27	27
(5, 6, 10)	2	0	378649	631719	25	25
(6, 5, 10)	2	0	468732	346898	20	20
(5, 7, 10)	2	0	312478	285538	17	17
(7, 5, 10)	2	0	191036	125783	9	9
(5, 8, 10)	2	0	668370	832974	36	36
(8, 5, 10)	1	0	712022	581983	36	35
(5, 9, 10)	2	0	435373	623213	28	28
(9, 5, 10)	1	0	728211	540026	34	33
(5, 10, 10)	2	0	462548	208530	25	25
(10, 5, 10)	1	0	463946	755275	48	47
(5, 11, 10)	1	0	600478	503618	38	37
(11, 5, 10)	2	0	634851	805575	50	50
(6, 7, 10)	2	0	810882	552193	26	26
(7, 6, 10)	2	0	223528	399584	16	16
(6, 8, 10)	2	0	513295	748638	25	25
(8, 6, 10)	1	0	709944	792174	23	22
(6, 9, 10)	2	0	385376	600960	21	21
(9, 6, 10)	1	0	724993	650620	28	27
(6, 10, 10)	2	0	978716	636284	68	68
(10, 6, 10)	1	0	395415	809646	37	36
(6, 11, 10)	1	0	885329	545884	42	41
(11, 6, 10)	2	0	199252	452270	22	22
(7, 8, 10)	2	0	300345	533196	14	14
(8, 7, 10)	2	0	915642	593923	40	40
(7, 9, 10)	2	0	346354	627822	19	19
(9, 7, 10)	2	0	737944	393132	27	27
(7, 10, 10)	2	0	281551	112019	17	17
(10, 7, 10)	2	0	434415	799011	31	31
(7, 11, 10)	1	0	472412	290629	26	25
(11, 7, 10)	1	0	81761	100112	11	10
(8, 9, 10)	1	0	846856	794836	36	35
(9, 8, 10)	2	0	504144	289485	11	11
(8, 10, 10)	2	0	553843	116287	14	14
(10, 8, 10)	2	0	564063	903871	43	43
(8, 11, 10)	1	0	777606	364235	29	28
(11, 8, 10)	2	0	355269	709340	28	28
(9, 10, 10)	1	0	881545	619072	69	68
(10, 9, 10)	2	0	380304	661692	29	29
(9, 11, 10)	1	0	720650	465241	43	42
(11, 9, 10)	2	0	444557	755847	41	41
(10, 11, 10)	1	0	261076	453001	36	35
(11, 10, 10)	1	0	223112	158287	23	22
(0, 1, 11)	1	0	330384	464500	21	20
(1, 0, 11)	2	0	143946	121626	24	24
(0, 2, 11)	1	0	237436	346898	30	29
(2, 0, 11)	1	0	477481	794329	36	35
(0, 3, 11)	1	0	539621	865514	36	35
(3, 0, 11)	2	0	910847	671778	41	41
(0, 4, 11)	1	0	758622	648957	41	40
(4, 0, 11)	2	0	366810	118922	25	25
(0, 5, 11)	1	0	352404	371697	29	28
(5, 0, 11)	2	0	236748	162452	19	19
(0, 6, 11)	1	0	223349	362839	15	14
(6, 0, 11)	2	0	530513	201741	20	20
(0, 7, 11)	1	0	31515	38645	9	8
(7, 0, 11)	2	0	173598	61898	11	11
(0, 8, 11)	1	0	527246	831124	27	26
(8, 0, 11)	2	0	868713	695294	31	31
(0, 9, 11)	1	0	158289	504076	12	11
(9, 0, 11)	2	0	636705	98308	18	18
(0, 10, 11)	1	0	101794	89359	10	9
(10, 0, 11)	2	0	192770	155397	18	18
(0, 11, 11)	1	0	472612	388450	32	31
(11, 0, 11)	2	0	265758	305754	27	27
(1, 2, 11)	2	0	148883	388193	28	28
(2, 1, 11)	2	0	525128	354897	35	35
(1, 3, 11)	1	0	245521	573064	18	17
(3, 1, 11)	1	0	951322	643430	50	49
(1, 4, 11)	1	0	397596	530784	36	35
(4, 1, 11)	2	0	369987	213795	21	21
(1, 5, 11)	1	0	307089	536863	33	32
(5, 1, 11)	2	0	234839	72398	19	19
(1, 6, 11)	1	0	177406	650171	21	20
(6, 1, 11)	2	0	507182	78367	15	15
(1, 7, 11)	1	0	13161	45416	12	11
(7, 1, 11)	2	0	140572	76600	11	11
(1, 8, 11)	1	0	326131	809504	25	24
(8, 1, 11)	1	0	784460	575217	29	28
(1, 9, 11)	1	0	12519	385835	8	7
(9, 1, 11)	2	0	664226	177538	20	20
(1, 10, 11)	1	0	339668	348000	28	27
(10, 1, 11)	2	0	102091	60028	12	12
(1, 11, 11)	1	0	408700	464427	40	39
(11, 1, 11)	2	0	140615	108892	24	24
(2, 3, 11)	2	0	281753	190853	18	18
(3, 2, 11)	2	0	985016	850110	65	65
(2, 4, 11)	1	0	246214	182375	16	15
(4, 2, 11)	2	0	363802	353043	21	21
(2, 5, 11)	1	0	474261	518372	34	33
(5, 2, 11)	2	0	236537	342000	20	20
(2, 6, 11)	1	0	246020	674531	22	21
(6, 2, 11)	2	0	613314	332461	21	21
(2, 7, 11)	1	0	53313	52543	11	10
(7, 2, 11)	2	0	186173	75307	12	12
(2, 8, 11)	1	0	436431	797654	25	24
(8, 2, 11)	2	0	720674	353768	29	29
(2, 9, 11)	2	0	671726	782919	37	37
(9, 2, 11)	2	0	769049	354609	31	31
(2, 10, 11)	1	0	450956	419295	35	34
(10, 2, 11)	2	0	446478	789621	39	39
(2, 11, 11)	1	0	388075	336122	29	28
(11, 2, 11)	2	0	140097	322905	24	24
(3, 4, 11)	1	0	455155	270245	15	14
(4, 3, 11)	2	0	376601	531918	25	25
(3, 5, 11)	1	0	888774	557367	34	33
(5, 3, 11)	2	0	220762	274714	24	24
(3, 6, 11)	1	0	716847	630543	22	21
(6, 3, 11)	2	0	328305	438131	21	21
(3, 7, 11)	1	0	117236	38993	9	8
(7, 3, 11)	2	0	139447	154013	11	11
(3, 8, 11)	2	0	914442	849368	33	33
(8, 3, 11)	2	0	691671	616266	20	20
(3, 9, 11)	1	0	180403	549455	14	13
(9, 3, 11)	2	0	650892	242017	19	19
(3, 10, 11)	1	0	311898	143484	18	17
(10, 3, 11)	2	0	202068	376101	18	18
(3, 11, 11)	1	0	653669	296267	26	25
(11, 3, 11)	2	0	227132	382405	25	25
(4, 5, 11)	2	0	243100	263882	16	16
(5, 4, 11)	2	0	657463	618974	42	42
(4, 6, 11)	1	0	510320	798288	29	28
(6, 4, 11)	2	0	771164	518334	25	25
(4, 7, 11)	1	0	50831	49214	10	9
(7, 4, 11)	2	0	139036	146416	11	11
(4, 8, 11)	2	0	433971	710015	26	26
(8, 4, 11)	1	0	313495	182944	9	8
(4, 9, 11)	2	0	436670	728839	29	29
(9, 4, 11)	1	0	812944	648190	43	42
(4, 10, 11)	1	0	788795	689732	68	67
(10, 4, 11)	2	0	106113	252088	13	13
(4, 11, 11)	2	0	324294	164628	16	16
(11, 4, 11)	2	0	316535	431402	29	29
(5, 6, 11)	2	0	233361	429135	19	19
(6, 5, 11)	2	0	698942	478077	25	25
(5, 7, 11)	1	0	50534	53704	9	8
(7, 5, 11)	2	0	163429	98391	11	11
(5, 8, 11)	2	0	383402	673844	23	23
(8, 5, 11)	1	0	733325	467653	30	29
(5, 9, 11)	2	0	295137	625336	22	22
(9, 5, 11)	2	0	605596	263872	16	16
(5, 10, 11)	1	0	355498	219594	20	19
(10, 5, 11)	2	0	101605	97812	11	11
(5, 11, 11)	2	0	259758	196544	19	19
(11, 5, 11)	2	0	132696	365155	21	21
(6, 7, 11)	1	0	93813	38725	9	8
(7, 6, 11)	2	0	138607	72645	11	11
(6, 8, 11)	2	0	823075	742266	26	26
(8, 6, 11)	1	0	760028	742156	28	27
(6, 9, 11)	2	0	564738	707888	25	25
(9, 6, 11)	1	0	727244	747496	27	26
(6, 10, 11)	2	0	795573	254043	30	30
(10, 6, 11)	2	0	170082	359550	15	15
(6, 11, 11)	2	0	451062	165292	18	18
(11, 6, 11)	2	0	132877	574820	23	23
(7, 8, 11)	2	0	186410	206515	12	12
(8, 7, 11)	1	0	157394	47821	12	11
(7, 9, 11)	2	0	140043	475697	11	11
(9, 7, 11)	1	0	415593	45171	11	10
(7, 10, 11)	2	0	139969	35504	11	11
(10, 7, 11)	1	0	17513	38535	9	8
(7, 11, 11)	2	0	138058	61166	11	11
(11, 7, 11)	2	0	58577	115429	16	16
(8, 9, 11)	2	0	751141	702492	25	25
(9, 8, 11)	2	0	676743	605834	21	21
(8, 10, 11)	1	0	835398	373105	34	33
(10, 8, 11)	2	0	116158	376944	14	14
(8, 11, 11)	1	0	640508	243905	19	18
(11, 8, 11)	2	0	303902	616982	21	21
(9, 10, 11)	1	0	771460	451142	36	35
(10, 9, 11)	2	0	104396	476323	11	11
(9, 11, 11)	1	0	712677	369666	32	31
(11, 9, 11)	2	0	731320	825234	62	62
(10, 11, 11)	2	0	102102	43899	11	11
(11, 10, 11)	2	0	265152	302927	31	31
