                    0#E 45# 1#R 46# 4#A 3#P 2#Y 47# 5#H 9#W 7#S 10# 6#S 8#W 13# 11# 14# 12# 15# 19# 17# 16# 18# 21# 22# 20# 23# 24# 27# 25# 26# 29# 28# 30# 31# 33# 32# 34# 35# 39# 38# 37# 36# 40# 41# 42# 43# 44#
0#EMBRYO21.F            792 968 999 999 999 99910001000100010001000100010001000100010001000100010001000100010001000100010001000100010001000100010001000100010001000100010001000100010001000100010001000100010001000
45#BARBAKAN         207     852 999 999 999 99910001000100010001000100010001000100010001000100010001000100010001000100010001000100010001000100010001000100010001000100010001000100010001000100010001000100010001000
1#RAPFI21            31 147     997 998 998 999 9991000100010001000100010001000100010001000100010001000100010001000100010001000100010001000100010001000100010001000100010001000100010001000100010001000100010001000
46#KATAGOMO21.F       0   0   2     593 593 992 9991000100010001000100010001000100010001000100010001000100010001000100010001000100010001000100010001000100010001000100010001000100010001000100010001000100010001000
4#ALPHAGOMOKU.MK21    0   0   1 406     500 986 9991000100010001000100010001000100010001000100010001000100010001000100010001000100010001000100010001000100010001000100010001000100010001000100010001000100010001000
3#PENTAZEN21.20       0   0   1 406 499     986 9991000100010001000100010001000100010001000100010001000100010001000100010001000100010001000100010001000100010001000100010001000100010001000100010001000100010001000
2#YIXIN18             0   0   0   7  13  13     997 999 999 999 999100010001000100010001000100010001000100010001000100010001000100010001000100010001000100010001000100010001000100010001000100010001000100010001000
47#XOXO21.F           0   0   0   0   0   0   2     999 999 999 999 999 999 999100010001000100010001000100010001000100010001000100010001000100010001000100010001000100010001000100010001000100010001000100010001000
5#HEWER18             0   0   0   0   0   0   0   0     555 758 894 946 987 998 999 999 999100010001000100010001000100010001000100010001000100010001000100010001000100010001000100010001000100010001000100010001000
9#WHOSE19             0   0   0   0   0   0   0   0 444     712 867 928 981 997 999 999 999100010001000100010001000100010001000100010001000100010001000100010001000100010001000100010001000100010001000100010001000
7#SLOWRENJU20         0   0   0   0   0   0   0   0 241 287     712 818 937 987 999 999 999100010001000100010001000100010001000100010001000100010001000100010001000100010001000100010001000100010001000100010001000
10#TITO14             0   0   0   0   0   0   0   0 105 132 287     632 831 952 999 999 999 99910001000100010001000100010001000100010001000100010001000100010001000100010001000100010001000100010001000100010001000
6#STARDUST            0   0   0   0   0   0   0   0  53  71 181 367     735 909 999 999 999 99910001000100010001000100010001000100010001000100010001000100010001000100010001000100010001000100010001000100010001000
8#WINE18              0   0   0   0   0   0   0   0  12  18  62 168 264     760 998 999 999 999 9991000100010001000100010001000100010001000100010001000100010001000100010001000100010001000100010001000100010001000
13#SWINE17            0   0   0   0   0   0   0   0   1   2  12  47  90 239     991 999 999 999 9991000100010001000100010001000100010001000100010001000100010001000100010001000100010001000100010001000100010001000
11#DEEPFIRE19         0   0   0   0   0   0   0   0   0   0   0   0   0   1   8     872 997 999 999 999 999 9991000100010001000100010001000100010001000100010001000100010001000100010001000100010001000100010001000
14#CARBON17           0   0   0   0   0   0   0   0   0   0   0   0   0   0   0 127     956 998 999 999 999 9991000100010001000100010001000100010001000100010001000100010001000100010001000100010001000100010001000
12#GOFIVE             0   0   0   0   0   0   0   0   0   0   0   0   0   0   0   2  43     871 966 999 999 999 999 99910001000100010001000100010001000100010001000100010001000100010001000100010001000100010001000
15#EGO21              0   0   0   0   0   0   0   0   0   0   0   0   0   0   0   0   1 128     776 987 994 997 999 99910001000100010001000100010001000100010001000100010001000100010001000100010001000100010001000
19#KANEC09            0   0   0   0   0   0   0   0   0   0   0   0   0   0   0   0   0  33 223     926 958 976 999 99910001000100010001000100010001000100010001000100010001000100010001000100010001000100010001000
17#GMOTOR11           0   0   0   0   0   0   0   0   0   0   0   0   0   0   0   0   0   0  12  73     619 702 999 999 9991000100010001000100010001000100010001000100010001000100010001000100010001000100010001000
16#PELA17             0   0   0   0   0   0   0   0   0   0   0   0   0   0   0   0   0   0   5  41 380     587 999 999 999 999100010001000100010001000100010001000100010001000100010001000100010001000100010001000
18#CHIS17             0   0   0   0   0   0   0   0   0   0   0   0   0   0   0   0   0   0   2  23 297 412     999 999 999 999100010001000100010001000100010001000100010001000100010001000100010001000100010001000
21#ZETOR17            0   0   0   0   0   0   0   0   0   0   0   0   0   0   0   0   0   0   0   0   0   0   0     834 999 999 999 999 999100010001000100010001000100010001000100010001000100010001000100010001000
22#PECUCHET           0   0   0   0   0   0   0   0   0   0   0   0   0   0   0   0   0   0   0   0   0   0   0 165     994 999 999 999 999100010001000100010001000100010001000100010001000100010001000100010001000
20#EULRING            0   0   0   0   0   0   0   0   0   0   0   0   0   0   0   0   0   0   0   0   0   0   0   0   5     901 999 999 999 999 999 999100010001000100010001000100010001000100010001000100010001000
23#LICHT              0   0   0   0   0   0   0   0   0   0   0   0   0   0   0   0   0   0   0   0   0   0   0   0   0  98     990 999 999 999 999 999 99910001000100010001000100010001000100010001000100010001000
24#JUDE               0   0   0   0   0   0   0   0   0   0   0   0   0   0   0   0   0   0   0   0   0   0   0   0   0   0   9     791 880 999 999 999 999 999 999100010001000100010001000100010001000100010001000
27#ALPHAGOMOKU.GS     0   0   0   0   0   0   0   0   0   0   0   0   0   0   0   0   0   0   0   0   0   0   0   0   0   0   0 208     644 992 998 999 999 999 999100010001000100010001000100010001000100010001000
25#SPARKLE            0   0   0   0   0   0   0   0   0   0   0   0   0   0   0   0   0   0   0   0   0   0   0   0   0   0   0 119 355     979 993 999 999 999 999100010001000100010001000100010001000100010001000
26#MONKEY             0   0   0   0   0   0   0   0   0   0   0   0   0   0   0   0   0   0   0   0   0   0   0   0   0   0   0   0   7  20     652 929 996 999 999100010001000100010001000100010001000100010001000
29#PUREGM21           0   0   0   0   0   0   0   0   0   0   0   0   0   0   0   0   0   0   0   0   0   0   0   0   0   0   0   0   1   6 347     870 990 999 999 99910001000100010001000100010001000100010001000
28#QMENTAT6           0   0   0   0   0   0   0   0   0   0   0   0   0   0   0   0   0   0   0   0   0   0   0   0   0   0   0   0   0   0  70 129     879 993 998 999 9991000100010001000100010001000100010001000
30#DJALL18            0   0   0   0   0   0   0   0   0   0   0   0   0   0   0   0   0   0   0   0   0   0   0   0   0   0   0   0   0   0   3   9 120     907 969 999 9991000100010001000100010001000100010001000
31#PUSKVOREC          0   0   0   0   0   0   0   0   0   0   0   0   0   0   0   0   0   0   0   0   0   0   0   0   0   0   0   0   0   0   0   0   6  92     700 999 999 999 999 9991000100010001000100010001000
33#NOESIS             0   0   0   0   0   0   0   0   0   0   0   0   0   0   0   0   0   0   0   0   0   0   0   0   0   0   0   0   0   0   0   0   1  30 299     999 999 999 999 9991000100010001000100010001000
32#IMRO15             0   0   0   0   0   0   0   0   0   0   0   0   0   0   0   0   0   0   0   0   0   0   0   0   0   0   0   0   0   0   0   0   0   0   0   0     745 999 999 999 999 99910001000100010001000
34#FASTGOMOKU14       0   0   0   0   0   0   0   0   0   0   0   0   0   0   0   0   0   0   0   0   0   0   0   0   0   0   0   0   0   0   0   0   0   0   0   0 254     997 999 999 999 99910001000100010001000
35#PISQ7              0   0   0   0   0   0   0   0   0   0   0   0   0   0   0   0   0   0   0   0   0   0   0   0   0   0   0   0   0   0   0   0   0   0   0   0   0   2     644 673 981 989 999 999100010001000
39#STAHLFAUST         0   0   0   0   0   0   0   0   0   0   0   0   0   0   0   0   0   0   0   0   0   0   0   0   0   0   0   0   0   0   0   0   0   0   0   0   0   0 355     531 954 970 999 999100010001000
38#FIVEROW            0   0   0   0   0   0   0   0   0   0   0   0   0   0   0   0   0   0   0   0   0   0   0   0   0   0   0   0   0   0   0   0   0   0   0   0   0   0 326 468     946 964 999 999100010001000
37#VALKYRIE           0   0   0   0   0   0   0   0   0   0   0   0   0   0   0   0   0   0   0   0   0   0   0   0   0   0   0   0   0   0   0   0   0   0   0   0   0   0  18  45  53     574 999 999100010001000
36#LIGHTBLUE          0   0   0   0   0   0   0   0   0   0   0   0   0   0   0   0   0   0   0   0   0   0   0   0   0   0   0   0   0   0   0   0   0   0   0   0   0   0  10  29  35 425     999 999100010001000
40#CRUSHER            0   0   0   0   0   0   0   0   0   0   0   0   0   0   0   0   0   0   0   0   0   0   0   0   0   0   0   0   0   0   0   0   0   0   0   0   0   0   0   0   0   0   0     927 999 999 999
41#PROLOG             0   0   0   0   0   0   0   0   0   0   0   0   0   0   0   0   0   0   0   0   0   0   0   0   0   0   0   0   0   0   0   0   0   0   0   0   0   0   0   0   0   0   0  72     999 999 999
42#AIBB               0   0   0   0   0   0   0   0   0   0   0   0   0   0   0   0   0   0   0   0   0   0   0   0   0   0   0   0   0   0   0   0   0   0   0   0   0   0   0   0   0   0   0   0   0     989 998
43#MUSHROOM           0   0   0   0   0   0   0   0   0   0   0   0   0   0   0   0   0   0   0   0   0   0   0   0   0   0   0   0   0   0   0   0   0   0   0   0   0   0   0   0   0   0   0   0   0  10     814
44#WHATATEAM          0   0   0   0   0   0   0   0   0   0   0   0   0   0   0   0   0   0   0   0   0   0   0   0   0   0   0   0   0   0   0   0   0   0   0   0   0   0   0   0   0   0   0   0   0   1 185    
