5,5, 6,6, 5,7, 3,5, 2,4
-1,-1, -2,-3, -4,-2, 0,-2, -3,-1, 0,-1, -2,0, -1,1, 0,0, -2,-2
7,7, 6,6, 5,6, 1,1, 7,1
6,-5, 5,-8, 3,-9, 1,-3, 1,-4
-4,-5, -4,-6, -8,-3, -7,-2, -5,2, -3,-4
5,-7, 4,-6, 2,-3, 3,-4, 0,1, 1,0
-1,-8, -1,-6, 0,7, 0,5, -8,0, -6,0, 7,-1, 5,-1
-7,6, -6,5, -7,-7, -6,-6, 6,-7, 5,-6, 6,6, 5,5
-8,-4, -7,-3, -6,-2, -5,-1, -4,0, -4,-4, -5,-3, -8,0, -7,-1, -1,-3, -2,-4, -2,0, -1,-1, 1,-1, 0,-2, 2,0, 1,-3, 2,-4, 4,-4, 4,-3, 4,-2, 4,-1, 4,0, 7,-4, 7,-2, 7,-3, 7,0, 7,-1
0,-4, 0,-3, 0,-2, 0,-1, 0,0, 0,1, 0,2, -1,1, -1,2, -1,-1, -1,0, -1,-3, -1,-2, -1,-4, -2,-4, -2,-2, -2,-3, -2,0, -2,-1, -2,2, -2,1
-10,9, -10,8, -10,7, -10,6, -10,5, -10,4, -9,4, -8,4, -7,4, -6,4, -5,5, -5,6, -5,7, -5,8, -5,9, -6,9, -7,9, -8,9, -9,9, -5,4
9,-9, 8,-9, 7,-9, 6,-9, 5,-9, 4,-9, 3,-9, 2,-9, 1,-9, 0,-9, -1,-9, -2,-9, -3,-9, -4,-9, -5,-9, -6,-9, -7,-9, -8,-9, -9,-9, -10,-9, 2,-7, 1,-6, -1,-6
