                8#K 9#R 1#H 0#S 2#D 3#G 4#C 6#G 7#P 5#Z
8#KATAGOMO21.S      865 999 999100010001000100010001000
9#RAPFI21       134     999 999 99910001000100010001000
1#HEWER18         0   0     805 982 999 999 999 999 999
0#SLOWRENJU20     0   0 194     895 999 999 999 999 999
2#DEEPFIRE19      0   0  17 104     999 999 999 999 999
3#GOFIVE          0   0   0   0   0     951 999 999 999
4#CARBON17        0   0   0   0   0  48     962 992 998
6#GMOTOR11        0   0   0   0   0   0  37     774 895
7#PELA17          0   0   0   0   0   0   7 225     684
5#ZETOR17         0   0   0   0   0   0   1 104 315    
