(0, 1, 0)	1	0	118926	67383	27	26
(1, 0, 0)	1	0	14392	33490	14	13
(0, 2, 0)	2	0	75943	59249	14	14
(2, 0, 0)	2	0	61066	26897	15	15
(0, 3, 0)	1	0	60475	95876	21	20
(3, 0, 0)	1	0	79191	84252	19	18
(0, 4, 0)	1	0	94263	107051	19	18
(4, 0, 0)	2	0	54986	59735	15	15
(0, 8, 0)	2	0	74256	85695	12	12
(8, 0, 0)	1	0	121663	151592	30	29
(0, 9, 0)	2	0	65237	9614	15	15
(9, 0, 0)	1	0	78399	113479	23	22
(1, 2, 0)	1	0	38454	57722	21	20
(2, 1, 0)	2	0	51340	23419	17	17
(1, 3, 0)	1	0	40529	89023	21	20
(3, 1, 0)	2	0	131630	120468	37	37
(1, 4, 0)	1	0	35778	95428	17	16
(4, 1, 0)	2	0	120080	81192	28	28
(1, 8, 0)	2	0	100961	141353	36	36
(8, 1, 0)	1	0	126359	82387	32	31
(1, 9, 0)	2	0	85174	82315	32	32
(9, 1, 0)	1	0	50293	60834	26	25
(2, 3, 0)	1	0	60176	79235	14	13
(3, 2, 0)	2	0	114440	123331	26	26
(2, 4, 0)	1	0	53126	74263	18	17
(4, 2, 0)	2	0	47499	33275	12	12
(2, 5, 0)	1	0	62636	86317	17	16
(5, 2, 0)	2	0	104815	74640	17	17
(2, 6, 0)	1	0	171322	171026	46	45
(6, 2, 0)	2	0	44323	55242	14	14
(2, 8, 0)	2	0	167307	147078	44	44
(8, 2, 0)	1	0	111085	83603	21	20
(2, 9, 0)	2	0	55983	19920	15	15
(9, 2, 0)	1	0	80059	129273	32	31
(3, 4, 0)	1	0	82902	100062	23	22
(4, 3, 0)	2	0	54814	66732	15	15
(3, 5, 0)	1	0	82090	95239	19	18
(5, 3, 0)	2	0	38326	34072	11	11
(3, 6, 0)	1	0	72259	51623	15	14
(6, 3, 0)	2	0	115166	110294	28	28
(3, 7, 0)	1	0	82265	112905	17	16
(7, 3, 0)	1	0	160318	149073	39	38
(3, 8, 0)	2	0	106828	104559	18	18
(8, 3, 0)	1	0	117236	112342	25	24
(3, 9, 0)	2	0	101609	75581	26	26
(9, 3, 0)	1	0	21472	83779	12	11
(4, 5, 0)	2	0	91729	88668	26	26
(5, 4, 0)	2	0	105031	57812	14	14
(4, 6, 0)	1	0	104558	44400	14	13
(6, 4, 0)	2	0	100264	146151	35	35
(4, 7, 0)	1	0	92554	89635	12	11
(7, 4, 0)	1	0	106613	100627	23	22
(4, 8, 0)	2	0	100819	121936	25	25
(8, 4, 0)	1	0	112941	99595	24	23
(4, 9, 0)	2	0	61221	36803	15	15
(9, 4, 0)	1	0	45274	75705	18	17
(5, 6, 0)	1	0	98950	64960	18	17
(6, 5, 0)	1	0	84128	98753	29	28
(5, 7, 0)	1	0	76298	120907	21	20
(7, 5, 0)	2	0	114047	95070	26	26
(5, 8, 0)	2	0	133293	109700	19	19
(8, 5, 0)	1	0	90154	93983	17	16
(5, 9, 0)	2	0	20835	7736	11	11
(9, 5, 0)	1	0	24619	81070	14	13
(6, 7, 0)	1	0	24749	67424	11	10
(7, 6, 0)	1	0	132488	115833	34	33
(6, 8, 0)	2	0	53060	102163	15	15
(8, 6, 0)	1	0	104846	48328	17	16
(6, 9, 0)	2	0	59260	42609	16	16
(9, 6, 0)	1	0	19699	32342	16	15
(7, 8, 0)	2	0	95263	95673	13	13
(8, 7, 0)	1	0	79305	101510	11	10
(7, 9, 0)	2	0	84302	13254	13	13
(9, 7, 0)	1	0	23263	124451	19	18
(8, 9, 0)	1	0	145314	156161	42	41
(9, 8, 0)	1	0	23789	62763	7	6
(0, 1, 1)	2	0	49151	6365	10	10
(1, 0, 1)	2	0	36576	51047	11	11
(0, 2, 1)	1	0	56350	37799	13	12
(2, 0, 1)	2	0	49560	12847	13	13
(0, 3, 1)	1	0	43328	37664	8	7
(3, 0, 1)	2	0	48431	13160	12	12
(0, 4, 1)	1	0	42900	36486	9	8
(4, 0, 1)	2	0	38377	10709	11	11
(0, 8, 1)	2	0	94314	83304	16	16
(8, 0, 1)	1	0	84902	16602	11	10
(0, 9, 1)	2	0	64183	16517	15	15
(9, 0, 1)	1	0	21072	43463	10	9
(1, 2, 1)	2	0	22777	46144	17	17
(2, 1, 1)	2	0	32017	8864	10	10
(1, 3, 1)	2	0	32974	101540	19	19
(3, 1, 1)	2	0	51602	8500	10	10
(1, 4, 1)	1	0	12241	47675	11	10
(4, 1, 1)	2	0	37355	10217	11	11
(1, 8, 1)	2	0	30418	84211	17	17
(8, 1, 1)	1	0	115486	65504	21	20
(1, 9, 1)	2	0	31499	16291	15	15
(9, 1, 1)	1	0	37353	42151	17	16
(2, 3, 1)	1	0	40427	49682	10	9
(3, 2, 1)	1	0	33408	35811	14	13
(2, 4, 1)	1	0	25204	30107	10	9
(4, 2, 1)	1	0	74708	25253	12	11
(2, 5, 1)	2	0	71604	91903	16	16
(5, 2, 1)	2	0	74717	17952	11	11
(2, 6, 1)	2	0	32730	11502	13	13
(6, 2, 1)	2	0	37620	43554	10	10
(2, 8, 1)	2	0	16836	73877	12	12
(8, 2, 1)	1	0	125642	155452	37	36
(2, 9, 1)	2	0	28670	9687	11	11
(9, 2, 1)	1	0	41193	80246	20	19
(3, 4, 1)	1	0	48678	40878	13	12
(4, 3, 1)	1	0	77122	50394	11	10
(3, 5, 1)	2	0	51825	66162	11	11
(5, 3, 1)	2	0	8119	34578	12	12
(3, 6, 1)	2	0	30405	7243	11	11
(6, 3, 1)	2	0	22480	51799	14	14
(3, 7, 1)	1	0	40974	55905	8	7
(7, 3, 1)	2	0	69262	23521	8	8
(3, 8, 1)	2	0	60678	68112	9	9
(8, 3, 1)	1	0	82872	52744	11	10
(3, 9, 1)	2	0	57604	9885	11	11
(9, 3, 1)	1	0	19437	24369	9	8
(4, 5, 1)	2	0	35203	68735	11	11
(5, 4, 1)	2	0	57969	70609	13	13
(4, 6, 1)	2	0	44527	12305	14	14
(6, 4, 1)	2	0	28480	79929	12	12
(4, 7, 1)	1	0	68121	51422	9	8
(7, 4, 1)	2	0	56329	73856	9	9
(4, 8, 1)	2	0	33873	68960	10	10
(8, 4, 1)	1	0	138116	159635	42	41
(4, 9, 1)	2	0	42456	10382	10	10
(9, 4, 1)	2	0	70034	129627	23	23
(5, 6, 1)	2	0	36341	11516	14	14
(6, 5, 1)	2	0	94792	149205	37	37
(5, 7, 1)	1	0	98154	55969	9	8
(7, 5, 1)	2	0	98946	65929	11	11
(5, 8, 1)	2	0	28183	79691	15	15
(8, 5, 1)	1	0	101489	182239	21	20
(5, 9, 1)	2	0	42429	11283	15	15
(9, 5, 1)	1	0	47614	57718	16	15
(6, 7, 1)	2	0	23762	37271	14	14
(7, 6, 1)	2	0	117196	16437	16	16
(6, 8, 1)	2	0	25369	80523	12	12
(8, 6, 1)	1	0	98576	38848	15	14
(6, 9, 1)	2	0	23232	16134	10	10
(9, 6, 1)	1	0	107778	63069	17	16
(7, 8, 1)	2	0	95931	78835	12	12
(8, 7, 1)	1	0	98748	107888	17	16
(7, 9, 1)	2	0	58011	15489	12	12
(9, 7, 1)	1	0	28525	114963	15	14
(8, 9, 1)	2	0	122397	74544	21	21
(9, 8, 1)	2	0	97258	126765	29	29
(0, 1, 2)	2	0	99637	54964	22	22
(1, 0, 2)	2	0	95556	133233	36	36
(0, 2, 2)	2	0	108574	79010	19	19
(2, 0, 2)	2	0	132421	116696	30	30
(0, 3, 2)	1	0	136082	112353	26	25
(3, 0, 2)	2	0	124888	142610	26	26
(0, 4, 2)	2	0	145935	130313	26	26
(4, 0, 2)	1	0	122508	110972	23	22
(0, 8, 2)	2	0	120944	116990	25	25
(8, 0, 2)	1	0	115855	116337	21	20
(0, 9, 2)	2	0	126744	55988	24	24
(9, 0, 2)	1	0	60779	86840	18	17
(1, 2, 2)	2	0	75104	115957	26	26
(2, 1, 2)	1	0	111104	76481	32	31
(1, 3, 2)	1	0	47687	58467	13	12
(3, 1, 2)	2	0	109160	66423	31	31
(1, 4, 2)	1	0	43483	71444	16	15
(4, 1, 2)	2	0	104736	38674	20	20
(1, 8, 2)	2	0	80790	118755	28	28
(8, 1, 2)	1	0	128491	90871	31	30
(1, 9, 2)	2	0	113953	69898	44	44
(9, 1, 2)	1	0	97201	104833	38	37
(2, 3, 2)	2	0	123537	95364	27	27
(3, 2, 2)	2	0	72903	47406	9	9
(2, 4, 2)	1	0	108638	119108	27	26
(4, 2, 2)	2	0	171994	176993	64	64
(2, 5, 2)	1	0	61966	18392	13	12
(5, 2, 2)	2	0	69982	30090	14	14
(2, 6, 2)	1	0	44982	24163	14	13
(6, 2, 2)	2	0	124492	145574	31	31
(2, 8, 2)	2	0	116792	126619	27	27
(8, 2, 2)	1	0	110949	121517	23	22
(2, 9, 2)	2	0	146414	58545	34	34
(9, 2, 2)	1	0	138992	171875	58	57
(3, 4, 2)	1	0	87314	113073	25	24
(4, 3, 2)	2	0	101136	82657	21	21
(3, 5, 2)	1	0	94976	47365	23	22
(5, 3, 2)	1	0	86986	79710	18	17
(3, 6, 2)	1	0	116239	102616	29	28
(6, 3, 2)	2	0	50607	93030	16	16
(3, 7, 2)	1	0	84617	133966	19	18
(7, 3, 2)	2	0	166001	156880	39	39
(3, 8, 2)	2	0	101054	107832	19	19
(8, 3, 2)	1	0	141558	142251	37	36
(3, 9, 2)	2	0	109958	55552	26	26
(9, 3, 2)	2	0	56824	69886	19	19
(4, 5, 2)	1	0	117772	47113	26	25
(5, 4, 2)	2	0	79985	87436	13	13
(4, 6, 2)	1	0	64417	17917	12	11
(6, 4, 2)	1	0	43582	74684	18	17
(4, 7, 2)	2	0	136004	141446	32	32
(7, 4, 2)	2	0	129960	96451	17	17
(4, 8, 2)	2	0	82500	101314	15	15
(8, 4, 2)	1	0	110169	80994	18	17
(4, 9, 2)	2	0	101215	45385	16	16
(9, 4, 2)	1	0	24703	34487	13	12
(5, 6, 2)	2	0	138430	89103	35	35
(6, 5, 2)	2	0	48800	27317	17	17
(5, 7, 2)	2	0	100798	91632	23	23
(7, 5, 2)	1	0	155425	103279	37	36
(5, 8, 2)	2	0	52726	89087	14	14
(8, 5, 2)	1	0	131543	94046	31	30
(5, 9, 2)	2	0	48270	16303	13	13
(9, 5, 2)	1	0	67833	107608	34	33
(6, 7, 2)	2	0	55864	98821	16	16
(7, 6, 2)	0	0	174045	180342	108	108
(6, 8, 2)	2	0	35026	89964	14	14
(8, 6, 2)	1	0	80405	17557	10	9
(6, 9, 2)	2	0	48855	44340	15	15
(9, 6, 2)	1	0	22303	17562	13	12
(7, 8, 2)	2	0	151155	97161	22	22
(8, 7, 2)	1	0	106308	107205	15	14
(7, 9, 2)	2	0	87138	16616	14	14
(9, 7, 2)	1	0	69833	153587	27	26
(8, 9, 2)	1	0	141080	136968	41	40
(9, 8, 2)	2	0	164455	153887	58	58
(0, 1, 3)	2	0	126223	71611	29	29
(1, 0, 3)	2	0	54453	53792	21	21
(0, 2, 3)	2	0	64699	54767	12	12
(2, 0, 3)	1	0	158466	140822	32	31
(0, 3, 3)	2	0	40184	50605	15	15
(3, 0, 3)	0	0	175509	180025	110	109
(0, 4, 3)	1	0	78998	91025	22	21
(4, 0, 3)	2	0	74692	28639	14	14
(0, 8, 3)	2	0	93994	109700	20	20
(8, 0, 3)	1	0	133001	146271	36	35
(0, 9, 3)	2	0	47916	7757	12	12
(9, 0, 3)	1	0	104090	127179	28	27
(1, 2, 3)	2	0	58042	63907	21	21
(2, 1, 3)	1	0	144343	106700	33	32
(1, 3, 3)	1	0	100299	101348	30	29
(3, 1, 3)	2	0	116401	67240	29	29
(1, 4, 3)	1	0	30519	60800	16	15
(4, 1, 3)	2	0	111476	61793	30	30
(1, 8, 3)	2	0	92856	135785	35	35
(8, 1, 3)	1	0	137232	113562	42	41
(1, 9, 3)	2	0	59387	37830	20	20
(9, 1, 3)	1	0	72819	93216	36	35
(2, 3, 3)	1	0	27192	46347	11	10
(3, 2, 3)	2	0	102321	104254	20	20
(2, 4, 3)	1	0	11552	19388	10	9
(4, 2, 3)	2	0	142233	139952	34	34
(2, 5, 3)	1	0	24231	11598	10	9
(5, 2, 3)	2	0	69591	45897	12	12
(2, 6, 3)	1	0	29236	21813	11	10
(6, 2, 3)	1	0	7304	19249	16	15
(2, 8, 3)	1	0	22280	55120	6	5
(8, 2, 3)	1	0	90767	51497	15	14
(2, 9, 3)	2	0	104163	64015	22	22
(9, 2, 3)	1	0	13186	52254	15	14
(3, 4, 3)	2	0	116012	146312	26	26
(4, 3, 3)	2	0	69090	50117	15	15
(3, 5, 3)	1	0	47194	45790	15	14
(5, 3, 3)	1	0	17463	24727	8	7
(3, 6, 3)	1	0	28279	10247	10	9
(6, 3, 3)	1	0	8382	52325	14	13
(3, 7, 3)	2	0	94114	77632	17	17
(7, 3, 3)	2	0	96723	65082	13	13
(3, 8, 3)	2	0	90768	96477	16	16
(8, 3, 3)	1	0	83175	46493	11	10
(3, 9, 3)	2	0	90072	40954	18	18
(9, 3, 3)	1	0	11123	63319	11	10
(4, 5, 3)	1	0	68693	107970	14	13
(5, 4, 3)	1	0	23493	21601	10	9
(4, 6, 3)	1	0	61179	8624	10	9
(6, 4, 3)	2	0	38429	67965	12	12
(4, 7, 3)	1	0	133893	128763	23	22
(7, 4, 3)	2	0	99570	86122	11	11
(4, 8, 3)	2	0	99737	118299	22	22
(8, 4, 3)	1	0	72237	21286	10	9
(4, 9, 3)	2	0	67600	8145	16	16
(9, 4, 3)	1	0	7464	21046	10	9
(5, 6, 3)	2	0	73238	12376	13	13
(6, 5, 3)	2	0	20175	73768	9	9
(5, 7, 3)	2	0	116499	168145	58	58
(7, 5, 3)	1	0	132581	144406	32	31
(5, 8, 3)	2	0	123245	118864	33	33
(8, 5, 3)	1	0	73267	52336	10	9
(5, 9, 3)	2	0	74864	6439	14	14
(9, 5, 3)	1	0	15667	78490	18	17
(6, 7, 3)	1	0	82523	164029	30	29
(7, 6, 3)	2	0	97301	12737	14	14
(6, 8, 3)	2	0	32208	83193	10	10
(8, 6, 3)	1	0	77030	18753	10	9
(6, 9, 3)	2	0	32757	14957	12	12
(9, 6, 3)	1	0	17874	19914	13	12
(7, 8, 3)	2	0	119518	82384	14	14
(8, 7, 3)	1	0	99425	121321	15	14
(7, 9, 3)	2	0	107451	3745	12	12
(9, 7, 3)	1	0	13705	98720	18	17
(8, 9, 3)	1	0	144627	142229	41	40
(9, 8, 3)	1	0	114230	139939	32	31
(0, 1, 4)	2	0	87639	41642	17	17
(1, 0, 4)	2	0	121139	154432	46	46
(0, 2, 4)	1	0	87200	98380	23	22
(2, 0, 4)	2	0	20696	27327	13	13
(0, 3, 4)	1	0	10360	30451	9	8
(3, 0, 4)	1	0	78003	60992	16	15
(0, 4, 4)	1	0	10104	22430	11	10
(4, 0, 4)	2	0	26054	16667	12	12
(0, 8, 4)	2	0	88076	120612	21	21
(8, 0, 4)	1	0	116684	80890	22	21
(0, 9, 4)	2	0	117615	82574	22	22
(9, 0, 4)	1	0	50363	91088	21	20
(1, 2, 4)	1	0	17526	35398	14	13
(2, 1, 4)	2	0	21678	12547	11	11
(1, 3, 4)	1	0	8683	17121	10	9
(3, 1, 4)	2	0	93169	63033	24	24
(1, 4, 4)	1	0	7745	25842	12	11
(4, 1, 4)	2	0	57989	14617	13	13
(1, 8, 4)	2	0	74743	123583	32	32
(8, 1, 4)	1	0	148621	115210	46	45
(1, 9, 4)	2	0	72819	44061	25	25
(9, 1, 4)	1	0	88634	81118	33	32
(2, 3, 4)	2	0	19185	29676	15	15
(3, 2, 4)	1	0	50039	37017	15	14
(2, 4, 4)	2	0	19207	58253	11	11
(4, 2, 4)	2	0	51080	30381	13	13
(2, 5, 4)	2	0	21191	29180	10	10
(5, 2, 4)	2	0	79068	17550	12	12
(2, 6, 4)	1	0	45633	28175	13	12
(6, 2, 4)	2	0	10470	10684	7	7
(2, 8, 4)	2	0	21895	69802	11	11
(8, 2, 4)	1	0	128852	110239	26	25
(2, 9, 4)	2	0	21863	5398	13	13
(9, 2, 4)	1	0	6388	39202	15	14
(3, 4, 4)	1	0	41009	28258	11	10
(4, 3, 4)	2	0	89970	74233	17	17
(3, 5, 4)	2	0	78469	79583	16	16
(5, 3, 4)	2	0	56897	31576	13	13
(3, 6, 4)	1	0	73120	43056	13	12
(6, 3, 4)	2	0	9146	12020	7	7
(3, 7, 4)	1	0	115592	148264	25	24
(7, 3, 4)	2	0	62745	26364	11	11
(3, 8, 4)	2	0	112091	122202	29	29
(8, 3, 4)	1	0	99441	20100	16	15
(3, 9, 4)	2	0	85542	39827	16	16
(9, 3, 4)	1	0	4775	16168	11	10
(4, 5, 4)	2	0	32344	26758	10	10
(5, 4, 4)	2	0	77569	66028	11	11
(4, 6, 4)	2	0	51661	6808	13	13
(6, 4, 4)	2	0	10540	33141	7	7
(4, 7, 4)	1	0	122409	127821	15	14
(7, 4, 4)	2	0	92401	76271	10	10
(4, 8, 4)	2	0	67402	87715	15	15
(8, 4, 4)	1	0	78271	24719	12	11
(4, 9, 4)	2	0	41878	4792	12	12
(9, 4, 4)	1	0	5057	32118	11	10
(5, 6, 4)	1	0	79616	58672	15	14
(6, 5, 4)	2	0	9195	22241	7	7
(5, 7, 4)	1	0	122895	90215	13	12
(7, 5, 4)	1	0	163297	169475	41	40
(5, 8, 4)	2	0	60756	76192	13	13
(8, 5, 4)	1	0	81404	19911	12	11
(5, 9, 4)	2	0	33139	5295	12	12
(9, 5, 4)	1	0	7271	21595	10	9
(6, 7, 4)	1	0	8234	99561	16	15
(7, 6, 4)	2	0	79316	2929	10	10
(6, 8, 4)	2	0	9897	65271	10	10
(8, 6, 4)	1	0	67733	11075	9	8
(6, 9, 4)	2	0	10556	4384	7	7
(9, 6, 4)	1	0	6295	10067	8	7
(7, 8, 4)	2	0	106650	74479	14	14
(8, 7, 4)	1	0	121560	139857	23	22
(7, 9, 4)	2	0	65437	2948	11	11
(9, 7, 4)	1	0	116637	159626	32	31
(8, 9, 4)	1	0	136168	112036	34	33
(9, 8, 4)	2	0	149046	144797	37	37
(0, 1, 5)	1	0	116410	87367	30	29
(1, 0, 5)	1	0	113200	146134	43	42
(0, 2, 5)	2	0	128477	134761	29	29
(2, 0, 5)	1	0	155926	130854	33	32
(0, 3, 5)	1	0	32067	46806	9	8
(3, 0, 5)	0	0	175004	180179	110	110
(0, 4, 5)	1	0	60870	68915	13	12
(4, 0, 5)	2	0	124302	116792	23	23
(0, 8, 5)	2	0	112519	117202	20	20
(8, 0, 5)	1	0	105172	72707	19	18
(0, 9, 5)	2	0	130829	79691	29	29
(9, 0, 5)	1	0	62602	108119	21	20
(1, 2, 5)	1	0	110085	173200	44	43
(2, 1, 5)	1	0	132233	94891	31	30
(1, 3, 5)	1	0	82825	99539	24	23
(3, 1, 5)	2	0	71026	28144	12	12
(1, 4, 5)	1	0	94231	128740	31	30
(4, 1, 5)	1	0	128242	64071	23	22
(1, 8, 5)	2	0	77692	113448	28	28
(8, 1, 5)	1	0	135428	111463	43	42
(1, 9, 5)	2	0	63675	55138	23	23
(9, 1, 5)	1	0	111354	86915	49	48
(2, 3, 5)	1	0	152816	118396	33	32
(3, 2, 5)	1	0	104374	114782	25	24
(2, 4, 5)	2	0	132800	127142	27	27
(4, 2, 5)	1	0	150174	158085	36	35
(2, 5, 5)	1	0	42998	29669	15	14
(5, 2, 5)	1	0	31666	38442	16	15
(2, 6, 5)	1	0	127893	124974	29	28
(6, 2, 5)	2	0	94686	136869	30	30
(2, 8, 5)	2	0	89246	114923	25	25
(8, 2, 5)	1	0	113258	121354	27	26
(2, 9, 5)	2	0	104045	55800	22	22
(9, 2, 5)	1	0	67635	110900	26	25
(3, 4, 5)	1	0	100708	103466	22	21
(4, 3, 5)	1	0	153452	130697	33	32
(3, 5, 5)	1	0	52630	14809	11	10
(5, 3, 5)	1	0	98952	92964	18	17
(3, 6, 5)	1	0	164961	177576	63	62
(6, 3, 5)	1	0	134064	125157	35	34
(3, 7, 5)	1	0	92594	110594	16	15
(7, 3, 5)	2	0	176591	163332	50	50
(3, 8, 5)	2	0	98716	98856	16	16
(8, 3, 5)	1	0	128073	111771	27	26
(3, 9, 5)	2	0	98219	52496	21	21
(9, 3, 5)	1	0	52819	108196	24	23
(4, 5, 5)	1	0	90995	43970	13	12
(5, 4, 5)	2	0	23430	94077	16	16
(4, 6, 5)	2	0	61836	32269	17	17
(6, 4, 5)	2	0	143715	141709	35	35
(4, 7, 5)	1	0	158102	167933	34	33
(7, 4, 5)	2	0	178566	173116	50	50
(4, 8, 5)	2	0	128416	138429	35	35
(8, 4, 5)	1	0	134346	161472	36	35
(4, 9, 5)	2	0	120157	55687	27	27
(9, 4, 5)	1	0	41069	112049	18	17
(5, 6, 5)	2	0	52563	83935	28	28
(6, 5, 5)	1	0	49120	70375	21	20
(5, 7, 5)	2	0	119033	144694	38	38
(7, 5, 5)	2	0	152002	101052	25	25
(5, 8, 5)	2	0	71225	94849	21	21
(8, 5, 5)	1	0	99534	36416	19	18
(5, 9, 5)	2	0	29722	47904	19	19
(9, 5, 5)	1	0	51208	27228	17	16
(6, 7, 5)	1	0	76342	143821	26	25
(7, 6, 5)	2	0	155062	99725	36	36
(6, 8, 5)	2	0	64500	109139	17	17
(8, 6, 5)	1	0	103250	43628	14	13
(6, 9, 5)	2	0	59193	51924	21	21
(9, 6, 5)	1	0	42249	48561	18	17
(7, 8, 5)	2	0	116548	100582	15	15
(8, 7, 5)	1	0	81530	100984	12	11
(7, 9, 5)	2	0	136427	44962	17	17
(9, 7, 5)	1	0	6999	101436	15	14
(8, 9, 5)	1	0	136074	147372	38	37
(9, 8, 5)	2	0	154774	129793	36	36
(0, 1, 6)	1	0	97625	47993	18	17
(1, 0, 6)	2	0	104081	142422	40	40
(0, 2, 6)	2	0	116349	128135	26	26
(2, 0, 6)	2	0	147646	142316	34	34
(0, 3, 6)	1	0	91028	93426	17	16
(3, 0, 6)	2	0	131938	131839	31	31
(0, 4, 6)	1	0	80223	82003	19	18
(4, 0, 6)	2	0	113204	109816	21	21
(0, 8, 6)	2	0	134116	115447	25	25
(8, 0, 6)	1	0	119574	111684	24	23
(0, 9, 6)	2	0	123954	58426	20	20
(9, 0, 6)	1	0	49284	87116	21	20
(1, 2, 6)	1	0	79200	151463	33	32
(2, 1, 6)	2	0	161569	98333	39	39
(1, 3, 6)	1	0	90616	110316	25	24
(3, 1, 6)	2	0	66633	30392	13	13
(1, 4, 6)	1	0	71868	90113	25	24
(4, 1, 6)	2	0	81823	22091	23	23
(1, 8, 6)	2	0	83264	120989	31	31
(8, 1, 6)	1	0	148317	115106	41	40
(1, 9, 6)	2	0	100032	105295	37	37
(9, 1, 6)	1	0	84146	71889	26	25
(2, 3, 6)	1	0	176584	167017	58	57
(3, 2, 6)	2	0	117604	134392	26	26
(2, 4, 6)	1	0	163651	142612	38	37
(4, 2, 6)	2	0	99974	54067	18	18
(2, 5, 6)	1	0	129907	128944	31	30
(5, 2, 6)	2	0	73616	53762	15	15
(2, 6, 6)	1	0	140068	113953	29	28
(6, 2, 6)	2	0	95079	129588	23	23
(2, 8, 6)	2	0	77305	104805	16	16
(8, 2, 6)	1	0	118009	97649	24	23
(2, 9, 6)	2	0	86674	33892	23	23
(9, 2, 6)	1	0	63493	107992	25	24
(3, 4, 6)	1	0	81661	101232	20	19
(4, 3, 6)	2	0	60446	61849	13	13
(3, 5, 6)	2	0	100752	76698	18	18
(5, 3, 6)	2	0	42078	67560	15	15
(3, 6, 6)	1	0	91869	40566	21	20
(6, 3, 6)	1	0	69084	114248	22	21
(3, 7, 6)	1	0	121801	162077	32	31
(7, 3, 6)	2	0	157089	104754	32	32
(3, 8, 6)	2	0	85426	92777	14	14
(8, 3, 6)	1	0	115776	115531	26	25
(3, 9, 6)	2	0	118927	68480	24	24
(9, 3, 6)	1	0	47024	96374	22	21
(4, 5, 6)	1	0	100925	84821	22	21
(5, 4, 6)	1	0	25673	87258	15	14
(4, 6, 6)	2	0	94844	37889	21	21
(6, 4, 6)	1	0	32398	74739	18	17
(4, 7, 6)	1	0	64359	81127	13	12
(7, 4, 6)	2	0	83496	88162	13	13
(4, 8, 6)	2	0	116604	111099	22	22
(8, 4, 6)	1	0	99417	92446	16	15
(4, 9, 6)	2	0	101295	33206	20	20
(9, 4, 6)	1	0	53987	58893	16	15
(5, 6, 6)	2	0	156869	163736	52	52
(6, 5, 6)	1	0	32255	29337	21	20
(5, 7, 6)	2	0	102530	137545	42	42
(7, 5, 6)	1	0	157910	92811	39	38
(5, 8, 6)	2	0	86120	105323	24	24
(8, 5, 6)	1	0	109202	103552	23	22
(5, 9, 6)	2	0	66002	15577	16	16
(9, 5, 6)	1	0	22532	52906	17	16
(6, 7, 6)	1	0	30908	77880	18	17
(7, 6, 6)	2	0	95356	38942	16	16
(6, 8, 6)	2	0	111768	110814	26	26
(8, 6, 6)	1	0	88120	31708	13	12
(6, 9, 6)	2	0	48373	46085	14	14
(9, 6, 6)	1	0	53696	42752	16	15
(7, 8, 6)	2	0	134147	94067	19	19
(8, 7, 6)	1	0	114790	141824	20	19
(7, 9, 6)	2	0	111826	37958	18	18
(9, 7, 6)	1	0	21786	99611	16	15
(8, 9, 6)	0	0	176392	170032	111	110
(9, 8, 6)	1	0	90045	133745	28	27
(0, 1, 7)	2	0	97752	49857	17	17
(1, 0, 7)	2	0	41057	66010	19	19
(0, 2, 7)	1	0	110276	96381	27	26
(2, 0, 7)	1	0	71441	79705	16	15
(0, 3, 7)	1	0	142991	103580	27	26
(3, 0, 7)	2	0	165221	156037	52	52
(0, 4, 7)	1	0	117737	121184	26	25
(4, 0, 7)	2	0	99474	87332	13	13
(0, 8, 7)	2	0	142058	119530	23	23
(8, 0, 7)	1	0	132897	153836	35	34
(0, 9, 7)	2	0	130639	65259	22	22
(9, 0, 7)	1	0	30734	102330	21	20
(1, 2, 7)	1	0	78684	137319	29	28
(2, 1, 7)	2	0	114149	58778	23	23
(1, 3, 7)	2	0	74553	111814	27	27
(3, 1, 7)	2	0	123690	82338	32	32
(1, 4, 7)	1	0	77489	124614	26	25
(4, 1, 7)	2	0	101529	34388	16	16
(1, 8, 7)	2	0	72074	111314	25	25
(8, 1, 7)	1	0	121765	86188	36	35
(1, 9, 7)	2	0	104339	106560	38	38
(9, 1, 7)	1	0	73686	94939	33	32
(2, 3, 7)	1	0	108767	88497	23	22
(3, 2, 7)	2	0	165289	170384	52	52
(2, 4, 7)	1	0	87672	98155	22	21
(4, 2, 7)	1	0	139492	149052	32	31
(2, 5, 7)	1	0	35143	46860	15	14
(5, 2, 7)	1	0	93790	57262	22	21
(2, 6, 7)	1	0	105292	66381	20	19
(6, 2, 7)	2	0	69208	94418	20	20
(2, 8, 7)	2	0	75481	108161	24	24
(8, 2, 7)	1	0	138347	170621	45	44
(2, 9, 7)	2	0	83365	57584	20	20
(9, 2, 7)	1	0	60395	99776	22	21
(3, 4, 7)	1	0	118329	146455	26	25
(4, 3, 7)	1	0	112621	101595	21	20
(3, 5, 7)	1	0	107260	100796	29	28
(5, 3, 7)	2	0	43415	79157	16	16
(3, 6, 7)	1	0	117012	94172	26	25
(6, 3, 7)	2	0	151249	119327	33	33
(3, 7, 7)	2	0	152768	169851	50	50
(7, 3, 7)	1	0	149263	118758	32	31
(3, 8, 7)	2	0	129230	137208	38	38
(8, 3, 7)	1	0	114305	82735	21	20
(3, 9, 7)	2	0	107229	75840	28	28
(9, 3, 7)	1	0	72339	89481	16	15
(4, 5, 7)	2	0	92267	49685	14	14
(5, 4, 7)	2	0	102274	99694	25	25
(4, 6, 7)	0	0	179853	180194	110	110
(6, 4, 7)	2	0	84229	121729	22	22
(4, 7, 7)	0	0	179862	176143	110	110
(7, 4, 7)	2	0	166099	157805	32	32
(4, 8, 7)	2	0	92943	105592	18	18
(8, 4, 7)	1	0	114553	83923	24	23
(4, 9, 7)	2	0	115156	94319	24	24
(9, 4, 7)	1	0	74300	103279	20	19
(5, 6, 7)	1	0	35975	33642	10	9
(6, 5, 7)	1	0	114715	56335	34	33
(5, 7, 7)	2	0	97682	134523	33	33
(7, 5, 7)	1	0	162745	104658	36	35
(5, 8, 7)	2	0	137632	113620	27	27
(8, 5, 7)	1	0	111162	96688	27	26
(5, 9, 7)	2	0	37092	26189	17	17
(9, 5, 7)	1	0	118029	174919	33	32
(6, 7, 7)	1	0	172946	176711	57	56
(7, 6, 7)	2	0	164617	131939	37	37
(6, 8, 7)	2	0	76272	104571	20	20
(8, 6, 7)	1	0	122074	111205	27	26
(6, 9, 7)	2	0	66447	49384	17	17
(9, 6, 7)	1	0	71242	33948	12	11
(7, 8, 7)	2	0	155222	110556	23	23
(8, 7, 7)	1	0	117460	154633	24	23
(7, 9, 7)	2	0	96030	44776	11	11
(9, 7, 7)	1	0	43167	121356	22	21
(8, 9, 7)	1	0	155189	160667	51	50
(9, 8, 7)	2	0	169215	147906	48	48
(0, 1, 8)	1	0	30422	27608	13	12
(1, 0, 8)	1	0	24845	38775	12	11
(0, 2, 8)	1	0	160995	172523	53	52
(2, 0, 8)	2	0	162764	102605	34	34
(0, 3, 8)	2	0	163369	119713	36	36
(3, 0, 8)	1	0	46021	26717	12	11
(0, 4, 8)	1	0	30267	37586	13	12
(4, 0, 8)	2	0	106681	103849	21	21
(0, 8, 8)	2	0	140935	128488	26	26
(8, 0, 8)	1	0	90481	34970	12	11
(0, 9, 8)	2	0	148473	68767	30	30
(9, 0, 8)	1	0	17067	51840	16	15
(1, 2, 8)	1	0	24868	37793	16	15
(2, 1, 8)	1	0	34909	26980	11	10
(1, 3, 8)	1	0	36282	85771	15	14
(3, 1, 8)	2	0	148176	100987	38	38
(1, 4, 8)	1	0	25057	60994	16	15
(4, 1, 8)	2	0	80813	37190	17	17
(1, 8, 8)	2	0	90248	126694	30	30
(8, 1, 8)	2	0	91445	30958	11	11
(1, 9, 8)	0	0	164702	163392	110	110
(9, 1, 8)	1	0	14856	27685	14	13
(2, 3, 8)	1	0	79169	76381	15	14
(3, 2, 8)	2	0	104768	56178	16	16
(2, 4, 8)	1	0	94121	89882	21	20
(4, 2, 8)	2	0	96212	64399	18	18
(2, 5, 8)	1	0	49328	40335	15	14
(5, 2, 8)	2	0	126835	59026	21	21
(2, 6, 8)	1	0	101024	58100	17	16
(6, 2, 8)	2	0	38565	49786	12	12
(2, 8, 8)	2	0	119194	134265	32	32
(8, 2, 8)	1	0	100241	42540	17	16
(2, 9, 8)	2	0	116460	71968	25	25
(9, 2, 8)	1	0	16656	40943	18	17
(3, 4, 8)	1	0	54564	32444	11	10
(4, 3, 8)	2	0	83116	52721	15	15
(3, 5, 8)	2	0	86672	38037	14	14
(5, 3, 8)	2	0	85431	92538	29	29
(3, 6, 8)	2	0	117125	70320	25	25
(6, 3, 8)	2	0	29031	79990	16	16
(3, 7, 8)	1	0	59299	88000	12	11
(7, 3, 8)	2	0	89674	71246	11	11
(3, 8, 8)	2	0	125900	130951	29	29
(8, 3, 8)	1	0	95671	94299	15	14
(3, 9, 8)	2	0	96375	81743	21	21
(9, 3, 8)	1	0	18835	65468	13	12
(4, 5, 8)	1	0	95626	12739	12	11
(5, 4, 8)	1	0	56182	73889	17	16
(4, 6, 8)	1	0	144582	114826	31	30
(6, 4, 8)	1	0	39043	74665	18	17
(4, 7, 8)	1	0	112277	135557	18	17
(7, 4, 8)	2	0	134630	131880	21	21
(4, 8, 8)	2	0	128654	116603	30	30
(8, 4, 8)	1	0	101204	69113	18	17
(4, 9, 8)	2	0	102939	55524	18	18
(9, 4, 8)	1	0	15080	31500	10	9
(5, 6, 8)	2	0	31697	28012	16	16
(6, 5, 8)	2	0	168526	176862	58	58
(5, 7, 8)	2	4	172236	172260	86	86
(7, 5, 8)	1	0	71197	36584	20	19
(5, 8, 8)	2	0	84771	99524	22	22
(8, 5, 8)	1	0	76262	31617	11	10
(5, 9, 8)	2	0	62718	25643	18	18
(9, 5, 8)	1	0	17551	27978	18	17
(6, 7, 8)	0	0	180200	172004	110	110
(7, 6, 8)	2	0	118448	22113	18	18
(6, 8, 8)	2	0	34342	100035	18	18
(8, 6, 8)	1	0	109064	53649	18	17
(6, 9, 8)	2	0	34940	23804	11	11
(9, 6, 8)	1	0	43501	29650	9	8
(7, 8, 8)	2	0	145816	109277	23	23
(8, 7, 8)	1	0	107812	113629	18	17
(7, 9, 8)	2	0	143877	79806	21	21
(9, 7, 8)	1	0	17294	85875	14	13
(8, 9, 8)	0	0	174552	168389	110	110
(9, 8, 8)	2	0	145987	128105	32	32
(0, 1, 9)	2	0	112309	48086	20	20
(1, 0, 9)	1	0	17068	22161	12	11
(0, 2, 9)	1	0	37222	13143	13	12
(2, 0, 9)	1	0	40789	22875	15	14
(0, 3, 9)	1	0	30214	20857	7	6
(3, 0, 9)	2	0	92285	54384	17	17
(0, 4, 9)	1	0	141787	142983	25	24
(4, 0, 9)	2	0	27985	21462	9	9
(0, 8, 9)	2	0	102902	113786	19	19
(8, 0, 9)	1	0	80443	25534	13	12
(0, 9, 9)	2	0	51283	10727	8	8
(9, 0, 9)	1	0	133070	171020	45	44
(1, 2, 9)	2	0	23029	27806	13	13
(2, 1, 9)	2	0	139180	61479	26	26
(1, 3, 9)	1	0	31181	40412	8	7
(3, 1, 9)	2	0	92935	50169	15	15
(1, 4, 9)	0	0	163915	179578	110	110
(4, 1, 9)	2	0	46433	17701	13	13
(1, 8, 9)	2	0	28497	103859	17	17
(8, 1, 9)	2	0	91028	44048	11	11
(1, 9, 9)	2	0	23656	11384	16	16
(9, 1, 9)	1	0	106505	49222	22	21
(2, 3, 9)	1	0	38651	40822	8	7
(3, 2, 9)	2	0	90237	56771	17	17
(2, 4, 9)	2	0	44872	45282	13	13
(4, 2, 9)	2	0	60643	41688	16	16
(2, 5, 9)	1	0	51519	31009	12	11
(5, 2, 9)	2	0	119467	82955	22	22
(2, 6, 9)	1	0	109295	69268	19	18
(6, 2, 9)	2	0	11655	15833	9	9
(2, 8, 9)	2	0	30897	89375	13	13
(8, 2, 9)	2	0	75519	31040	8	8
(2, 9, 9)	2	0	27721	10905	13	13
(9, 2, 9)	1	0	22798	27253	14	13
(3, 4, 9)	2	0	43729	36198	12	12
(4, 3, 9)	2	0	25765	40031	10	10
(3, 5, 9)	1	0	43727	34985	12	11
(5, 3, 9)	2	0	118969	90458	24	24
(3, 6, 9)	1	0	101539	78605	22	21
(6, 3, 9)	1	0	11461	23991	7	6
(3, 7, 9)	1	0	51007	103035	13	12
(7, 3, 9)	2	0	165191	120384	31	31
(3, 8, 9)	2	0	38412	89476	11	11
(8, 3, 9)	1	0	83388	49532	11	10
(3, 9, 9)	2	0	57673	10928	13	13
(9, 3, 9)	1	0	13831	40772	13	12
(4, 5, 9)	1	0	70164	115334	16	15
(5, 4, 9)	2	0	119080	119933	24	24
(4, 6, 9)	1	0	47835	19659	8	7
(6, 4, 9)	2	0	22626	41974	11	11
(4, 7, 9)	1	0	115273	111419	15	14
(7, 4, 9)	2	0	146702	133933	21	21
(4, 8, 9)	2	0	52185	89074	14	14
(8, 4, 9)	2	0	75594	56667	8	8
(4, 9, 9)	2	0	35436	4418	11	11
(9, 4, 9)	1	0	60694	89825	19	18
(5, 6, 9)	1	0	20705	12023	8	7
(6, 5, 9)	1	0	89774	177286	41	40
(5, 7, 9)	2	0	82484	49180	18	18
(7, 5, 9)	1	0	170104	139422	50	49
(5, 8, 9)	2	0	102970	119977	24	24
(8, 5, 9)	1	0	89036	39033	12	11
(5, 9, 9)	2	0	54620	61127	23	23
(9, 5, 9)	1	0	19255	26877	7	6
(6, 7, 9)	1	0	12129	97931	13	12
(7, 6, 9)	1	0	142388	68491	21	20
(6, 8, 9)	2	0	32934	89058	13	13
(8, 6, 9)	1	0	98850	37704	14	13
(6, 9, 9)	2	0	22602	9746	13	13
(9, 6, 9)	1	0	47811	55718	20	19
(7, 8, 9)	2	0	103327	91694	12	12
(8, 7, 9)	1	0	72788	64031	8	7
(7, 9, 9)	2	0	126309	11296	17	17
(9, 7, 9)	1	0	42856	121491	17	16
(8, 9, 9)	2	0	62908	16739	6	6
(9, 8, 9)	2	0	97681	123266	25	25
(0, 1, 10)	1	0	73510	43671	20	19
(1, 0, 10)	1	0	89035	128698	29	28
(0, 2, 10)	1	0	96446	126853	26	25
(2, 0, 10)	1	0	47717	57702	18	17
(0, 3, 10)	1	0	58003	72889	13	12
(3, 0, 10)	2	0	86872	46012	15	15
(0, 4, 10)	1	0	31854	54445	16	15
(4, 0, 10)	2	0	58180	76323	15	15
(0, 8, 10)	2	0	31423	91617	13	13
(8, 0, 10)	1	0	115638	101832	21	20
(0, 9, 10)	2	0	113219	68814	22	22
(9, 0, 10)	1	0	95890	120745	27	26
(1, 2, 10)	2	0	96122	124199	33	33
(2, 1, 10)	2	3	102065	65191	16	15
(1, 3, 10)	2	0	89894	107615	31	31
(3, 1, 10)	2	0	99005	41096	13	13
(1, 4, 10)	2	0	77844	132287	28	28
(4, 1, 10)	2	0	44105	5494	11	11
(1, 8, 10)	2	0	80944	114133	26	26
(8, 1, 10)	1	0	129674	88008	32	31
(1, 9, 10)	2	0	54574	67535	24	24
(9, 1, 10)	1	0	86536	78032	28	27
(2, 3, 10)	1	0	112150	115491	31	30
(3, 2, 10)	2	0	105498	72881	18	18
(2, 4, 10)	1	0	45439	65816	15	14
(4, 2, 10)	2	0	42946	21266	11	11
(2, 5, 10)	1	0	45955	47509	13	12
(5, 2, 10)	2	0	83011	72721	21	21
(2, 6, 10)	1	0	119893	90015	22	21
(6, 2, 10)	2	0	22663	26807	11	11
(2, 8, 10)	2	0	20934	97738	15	15
(8, 2, 10)	1	0	111554	141196	30	29
(2, 9, 10)	2	0	83799	43448	16	16
(9, 2, 10)	1	0	31389	59238	16	15
(3, 4, 10)	1	0	100844	86723	17	16
(4, 3, 10)	2	0	158804	144253	42	42
(3, 5, 10)	1	0	53742	9895	8	7
(5, 3, 10)	2	0	67782	91490	18	18
(3, 6, 10)	2	0	107699	80931	25	25
(6, 3, 10)	1	0	165698	155870	52	51
(3, 7, 10)	1	0	118389	137950	23	22
(7, 3, 10)	2	0	133083	105333	25	25
(3, 8, 10)	2	0	112708	113029	26	26
(8, 3, 10)	1	0	125426	118026	24	23
(3, 9, 10)	2	0	80941	23141	14	14
(9, 3, 10)	1	0	45627	94959	21	20
(4, 5, 10)	2	0	88775	34453	13	13
(5, 4, 10)	2	0	136448	106585	20	20
(4, 6, 10)	1	0	84365	48457	18	17
(6, 4, 10)	2	0	23433	63236	11	11
(4, 7, 10)	2	0	164223	166375	43	43
(7, 4, 10)	2	0	95564	79553	11	11
(4, 8, 10)	2	0	93337	112241	23	23
(8, 4, 10)	1	0	105208	64810	19	18
(4, 9, 10)	2	0	62049	9560	13	13
(9, 4, 10)	1	0	9573	55570	15	14
(5, 6, 10)	2	0	18159	54493	25	25
(6, 5, 10)	2	0	174080	102733	48	48
(5, 7, 10)	2	0	61094	110442	27	27
(7, 5, 10)	1	4	177005	171369	94	93
(5, 8, 10)	2	0	111881	105320	25	25
(8, 5, 10)	1	0	94360	119789	17	16
(5, 9, 10)	2	0	102455	46462	24	24
(9, 5, 10)	1	0	9663	48050	13	12
(6, 7, 10)	2	0	135954	162490	31	31
(7, 6, 10)	1	0	154372	138685	36	35
(6, 8, 10)	2	0	64936	99094	19	19
(8, 6, 10)	1	0	95112	37250	14	13
(6, 9, 10)	2	0	48105	32373	21	21
(9, 6, 10)	1	0	38465	37456	15	14
(7, 8, 10)	2	0	84570	86009	14	14
(8, 7, 10)	1	0	97368	136014	17	16
(7, 9, 10)	2	0	120568	10989	15	15
(9, 7, 10)	1	0	20933	61939	11	10
(8, 9, 10)	1	0	149453	149512	44	43
(9, 8, 10)	1	0	17599	69639	8	7
(0, 1, 11)	1	0	79912	51095	20	19
(1, 0, 11)	1	0	35349	74685	15	14
(0, 2, 11)	1	0	24584	29279	14	13
(2, 0, 11)	2	0	48131	44106	16	16
(0, 3, 11)	1	0	135283	127206	30	29
(3, 0, 11)	2	0	76708	48064	13	13
(0, 4, 11)	1	0	12484	19491	8	7
(4, 0, 11)	1	0	113939	45491	16	15
(0, 8, 11)	2	0	102902	118378	23	23
(8, 0, 11)	1	0	101843	61467	16	15
(0, 9, 11)	2	0	100391	43042	23	23
(9, 0, 11)	1	0	22415	72601	17	16
(1, 2, 11)	1	0	34697	36519	16	15
(2, 1, 11)	2	0	62062	37367	19	19
(1, 3, 11)	1	0	37141	72186	13	12
(3, 1, 11)	2	0	65110	22921	13	13
(1, 4, 11)	2	0	10399	34981	8	8
(4, 1, 11)	2	0	75845	17849	20	20
(1, 8, 11)	2	0	93157	125555	33	33
(8, 1, 11)	1	0	87393	13049	12	11
(1, 9, 11)	2	0	41214	12591	17	17
(9, 1, 11)	1	0	6286	12839	12	11
(2, 3, 11)	1	0	65345	83232	14	13
(3, 2, 11)	1	0	31068	16595	11	10
(2, 4, 11)	1	0	21059	17585	8	7
(4, 2, 11)	1	0	66420	28404	14	13
(2, 5, 11)	1	0	35868	75871	13	12
(5, 2, 11)	1	0	77609	60330	16	15
(2, 6, 11)	2	0	91884	68585	22	22
(6, 2, 11)	2	0	7865	11604	8	8
(2, 8, 11)	2	0	147074	130472	35	35
(8, 2, 11)	1	0	116850	72247	21	20
(2, 9, 11)	2	0	75760	22938	20	20
(9, 2, 11)	1	0	27444	38331	16	15
(3, 4, 11)	2	0	86609	85940	13	13
(4, 3, 11)	2	0	53168	47815	16	16
(3, 5, 11)	1	0	45790	58778	15	14
(5, 3, 11)	2	0	69167	32777	11	11
(3, 6, 11)	1	0	83404	48143	14	13
(6, 3, 11)	2	0	7215	20821	8	8
(3, 7, 11)	2	0	90633	85386	18	18
(7, 3, 11)	1	0	155825	142408	42	41
(3, 8, 11)	2	0	69436	97006	17	17
(8, 3, 11)	1	0	114628	89765	20	19
(3, 9, 11)	2	0	82143	11059	11	11
(9, 3, 11)	1	0	18554	94847	20	19
(4, 5, 11)	2	0	150946	102307	41	41
(5, 4, 11)	2	0	130035	108578	32	32
(4, 6, 11)	0	0	179539	179881	110	110
(6, 4, 11)	1	0	7169	34060	14	13
(4, 7, 11)	2	0	56541	49744	13	13
(7, 4, 11)	0	0	175355	179755	110	110
(4, 8, 11)	2	0	65910	92085	15	15
(8, 4, 11)	1	0	93223	82131	15	14
(4, 9, 11)	2	0	63572	7594	16	16
(9, 4, 11)	1	0	9274	47300	14	13
(5, 6, 11)	1	0	18798	27258	10	9
(6, 5, 11)	1	0	131466	113749	34	33
(5, 7, 11)	2	0	75353	127453	23	23
(7, 5, 11)	1	0	21299	47321	17	16
(5, 8, 11)	2	0	58134	75990	10	10
(8, 5, 11)	1	0	85490	9804	14	13
(5, 9, 11)	2	0	68520	7737	10	10
(9, 5, 11)	1	0	9340	52905	13	12
(6, 7, 11)	2	0	90882	135841	26	26
(7, 6, 11)	1	0	133465	94502	27	26
(6, 8, 11)	2	0	41114	91106	12	12
(8, 6, 11)	1	0	99350	38705	15	14
(6, 9, 11)	2	0	22815	12328	10	10
(9, 6, 11)	1	0	49082	49003	18	17
(7, 8, 11)	2	0	107448	88956	14	14
(8, 7, 11)	1	0	103812	128075	16	15
(7, 9, 11)	2	0	93971	11248	14	14
(9, 7, 11)	1	0	34798	115679	16	15
(8, 9, 11)	1	4	175193	170082	104	103
(9, 8, 11)	0	0	174526	175084	110	110
