                 10# 0#E 11# 1#Y 2#P 5#R 3#S 4#W 6#G 7#C 8#X 9#P
10#KATAGOMO21.R      938 999 999 9991000100010001000100010001000
0#EMBRYO21.R      61     963 979 9991000100010001000100010001000
11#RAPFI21         0  36     583 9411000100010001000100010001000
1#YIXIN18          0  20 416     9141000100010001000100010001000
2#PENTAZEN21.15    0   0  58  85     999 99910001000100010001000
5#RENJUSOLVER.R    0   0   0   0   0     518 769 999 999 9991000
3#SLOWRENJU20      0   0   0   0   0 481     757 999 999 9991000
4#WHOSE19          0   0   0   0   0 230 242     996 999 9991000
6#GOFIVE           0   0   0   0   0   0   0   3     999 999 999
7#CARBON17         0   0   0   0   0   0   0   0   0     935 998
8#XL               0   0   0   0   0   0   0   0   0  64     923
9#PELA17           0   0   0   0   0   0   0   0   0   1  76    
