(0, 1, 0)	2	0	176160	192079	23	23
(1, 0, 0)	2	0	352059	263510	23	23
(0, 2, 0)	2	0	429910	419762	19	19
(2, 0, 0)	0	0	989906	991404	98	97
(0, 3, 0)	1	1	377442	571064	20	19
(3, 0, 0)	2	0	564972	183692	17	17
(0, 4, 0)	1	1	401144	457744	20	19
(4, 0, 0)	2	0	293126	146728	17	17
(0, 5, 0)	2	0	153944	95087	16	16
(5, 0, 0)	2	0	98342	53906	9	9
(0, 6, 0)	1	0	497350	619585	30	29
(6, 0, 0)	2	0	566921	249542	21	21
(0, 7, 0)	1	1	219848	508324	16	15
(7, 0, 0)	2	0	409268	187097	16	16
(0, 8, 0)	1	1	345639	456191	23	22
(8, 0, 0)	2	0	276082	116355	18	18
(0, 9, 0)	1	0	100895	281566	8	7
(9, 0, 0)	2	0	785763	429854	21	21
(0, 10, 0)	2	0	142532	604624	21	21
(10, 0, 0)	2	0	651816	374483	19	19
(0, 11, 0)	2	0	470524	242749	26	26
(11, 0, 0)	2	0	502231	194762	21	21
(1, 2, 0)	2	0	578882	915915	30	30
(2, 1, 0)	2	0	664273	250798	23	23
(1, 3, 0)	1	0	270040	351634	14	13
(3, 1, 0)	2	0	558119	194438	18	18
(1, 4, 0)	1	0	587901	858612	55	54
(4, 1, 0)	2	0	254530	228599	17	17
(1, 5, 0)	1	1	620064	371588	32	31
(5, 1, 0)	2	0	171277	175594	19	19
(1, 6, 0)	1	0	243032	547823	20	19
(6, 1, 0)	2	0	596517	244012	17	17
(1, 7, 0)	1	1	279340	460660	16	15
(7, 1, 0)	2	0	512094	272366	21	21
(1, 8, 0)	1	0	125450	173105	11	10
(8, 1, 0)	1	0	297984	364868	19	18
(1, 9, 0)	1	0	101132	591515	16	15
(9, 1, 0)	2	0	689898	117296	14	14
(1, 10, 0)	1	0	385037	637472	19	18
(10, 1, 0)	1	0	807474	777622	42	41
(1, 11, 0)	2	0	456436	440004	28	28
(11, 1, 0)	2	0	251181	273141	19	19
(2, 3, 0)	1	0	359900	284644	14	13
(3, 2, 0)	2	0	431926	318626	13	13
(2, 4, 0)	1	0	887073	607259	34	33
(4, 2, 0)	2	0	471538	726382	26	26
(2, 5, 0)	2	0	622819	147447	24	24
(5, 2, 0)	2	0	131894	177733	14	14
(2, 6, 0)	1	0	547740	488158	15	14
(6, 2, 0)	2	0	572935	497006	18	18
(2, 7, 0)	1	0	885249	938612	44	43
(7, 2, 0)	2	0	256543	279030	13	13
(2, 8, 0)	1	0	288944	135726	16	15
(8, 2, 0)	2	0	360043	484682	18	18
(2, 9, 0)	1	0	249817	358431	10	9
(9, 2, 0)	2	0	651405	368887	14	14
(2, 10, 0)	2	0	464097	577470	17	17
(10, 2, 0)	1	0	780796	869939	38	37
(2, 11, 0)	1	0	973651	849133	49	48
(11, 2, 0)	2	0	284796	391841	12	12
(3, 4, 0)	0	0	991293	998839	98	97
(4, 3, 0)	1	1	366923	367008	18	17
(3, 5, 0)	1	1	587757	263351	22	21
(5, 3, 0)	1	0	379637	849543	35	34
(3, 6, 0)	1	0	719447	803346	34	33
(6, 3, 0)	2	0	706380	567312	30	30
(3, 7, 0)	1	1	270021	341268	16	15
(7, 3, 0)	2	0	489730	267435	16	16
(3, 8, 0)	1	1	194791	44955	7	6
(8, 3, 0)	1	1	257562	465974	20	19
(3, 9, 0)	1	0	233981	447718	11	10
(9, 3, 0)	2	0	625960	391530	17	17
(3, 10, 0)	2	0	575236	619224	22	22
(10, 3, 0)	1	0	593760	350797	19	18
(3, 11, 0)	2	0	354080	176637	15	15
(11, 3, 0)	1	0	545768	739442	27	26
(4, 5, 0)	2	0	521816	235266	24	24
(5, 4, 0)	2	0	132806	94856	19	19
(4, 6, 0)	1	0	519783	723651	25	24
(6, 4, 0)	2	0	605743	279294	14	14
(4, 7, 0)	1	0	143101	281612	14	13
(7, 4, 0)	2	0	726376	504947	25	25
(4, 8, 0)	1	0	196964	143604	12	11
(8, 4, 0)	2	0	496932	430476	27	27
(4, 9, 0)	1	0	108662	396798	9	8
(9, 4, 0)	0	0	986934	993726	98	97
(4, 10, 0)	2	0	313431	599774	21	21
(10, 4, 0)	1	0	762279	636900	40	39
(4, 11, 0)	2	0	690633	540121	35	35
(11, 4, 0)	2	0	634585	349701	33	33
(5, 6, 0)	2	0	149783	407409	15	15
(6, 5, 0)	2	0	617021	165157	21	21
(5, 7, 0)	1	1	17916	177464	7	6
(7, 5, 0)	2	0	537977	104273	19	19
(5, 8, 0)	2	0	282275	316455	23	23
(8, 5, 0)	2	0	285137	73422	14	14
(5, 9, 0)	1	0	56505	462906	8	7
(9, 5, 0)	0	0	992400	865350	98	97
(5, 10, 0)	2	0	171718	550011	15	15
(10, 5, 0)	1	0	684994	280616	26	25
(5, 11, 0)	2	0	228856	274261	22	22
(11, 5, 0)	1	0	590448	404850	34	33
(6, 7, 0)	1	0	291049	331012	14	13
(7, 6, 0)	2	0	261971	176337	12	12
(6, 8, 0)	2	0	396385	121859	10	10
(8, 6, 0)	2	0	263490	508393	19	19
(6, 9, 0)	1	0	218891	381404	9	8
(9, 6, 0)	2	0	951837	867475	36	36
(6, 10, 0)	2	0	532555	531365	13	13
(10, 6, 0)	1	1	646123	564430	20	19
(6, 11, 0)	2	0	441484	157033	13	13
(11, 6, 0)	1	0	297224	525910	21	20
(7, 8, 0)	2	0	299826	78903	13	13
(8, 7, 0)	2	0	249279	536424	16	16
(7, 9, 0)	0	0	998624	973427	98	97
(9, 7, 0)	2	0	698015	752106	19	19
(7, 10, 0)	2	0	424891	565829	18	18
(10, 7, 0)	1	1	658735	630727	24	23
(7, 11, 0)	2	0	432070	168003	14	14
(11, 7, 0)	1	0	239249	355384	14	13
(8, 9, 0)	1	0	143761	425822	9	8
(9, 8, 0)	2	0	823956	480584	37	37
(8, 10, 0)	2	0	240668	586334	17	17
(10, 8, 0)	1	1	485810	204690	11	10
(8, 11, 0)	2	0	120547	165600	13	13
(11, 8, 0)	2	0	359578	484315	21	21
(9, 10, 0)	2	0	664859	514854	13	13
(10, 9, 0)	1	0	475370	574360	12	11
(9, 11, 0)	2	0	698384	230009	17	17
(11, 9, 0)	1	0	280910	504428	10	9
(10, 11, 0)	0	0	945778	954420	98	97
(11, 10, 0)	2	0	364279	608564	20	20
(0, 1, 1)	1	0	85332	190455	20	19
(1, 0, 1)	2	0	284108	144400	20	20
(0, 2, 1)	1	1	217115	698562	21	20
(2, 0, 1)	2	0	593496	364852	20	20
(0, 3, 1)	1	1	257444	444167	15	14
(3, 0, 1)	2	0	409314	155212	12	12
(0, 4, 1)	1	0	274276	438480	24	23
(4, 0, 1)	2	0	243730	139988	16	16
(0, 5, 1)	1	0	310435	297053	30	29
(5, 0, 1)	2	0	157456	62597	14	14
(0, 6, 1)	1	1	80578	311457	12	11
(6, 0, 1)	2	0	487342	147556	18	18
(0, 7, 1)	1	0	126706	178431	13	12
(7, 0, 1)	2	0	312102	106050	12	12
(0, 8, 1)	1	0	134146	121040	12	11
(8, 0, 1)	2	0	207881	142413	14	14
(0, 9, 1)	1	0	94089	522270	14	13
(9, 0, 1)	2	0	611039	341051	17	17
(0, 10, 1)	1	0	265192	637699	19	18
(10, 0, 1)	2	0	729720	391612	26	26
(0, 11, 1)	1	1	269503	502401	20	19
(11, 0, 1)	1	0	727100	922903	53	52
(1, 2, 1)	2	0	107281	263813	12	12
(2, 1, 1)	2	0	826894	484609	38	38
(1, 3, 1)	1	0	376671	548899	22	21
(3, 1, 1)	2	0	559520	294184	23	23
(1, 4, 1)	1	1	353462	415970	34	33
(4, 1, 1)	2	0	700685	453358	35	35
(1, 5, 1)	1	1	282144	204740	20	19
(5, 1, 1)	2	0	99873	77319	14	14
(1, 6, 1)	1	0	239369	565996	14	13
(6, 1, 1)	2	0	683939	384074	32	32
(1, 7, 1)	1	0	58347	200636	16	15
(7, 1, 1)	2	0	372475	71089	15	15
(1, 8, 1)	1	0	160609	244098	22	21
(8, 1, 1)	2	0	290138	200130	21	21
(1, 9, 1)	1	0	106319	432961	11	10
(9, 1, 1)	2	0	559935	45030	15	15
(1, 10, 1)	2	0	232338	555810	16	16
(10, 1, 1)	1	0	630195	489476	22	21
(1, 11, 1)	1	0	840302	881428	61	60
(11, 1, 1)	1	0	332923	278301	29	28
(2, 3, 1)	1	0	868773	817332	30	29
(3, 2, 1)	2	0	702019	604714	24	24
(2, 4, 1)	1	0	714837	634410	33	32
(4, 2, 1)	2	0	439824	541353	23	23
(2, 5, 1)	1	1	709101	296009	24	23
(5, 2, 1)	2	0	95241	178186	11	11
(2, 6, 1)	1	0	652222	737840	26	25
(6, 2, 1)	2	0	591390	420497	20	20
(2, 7, 1)	1	0	616924	530081	24	23
(7, 2, 1)	2	0	371502	248740	15	15
(2, 8, 1)	1	0	692447	404226	24	23
(8, 2, 1)	2	0	172163	237270	12	12
(2, 9, 1)	1	0	325771	460847	11	10
(9, 2, 1)	2	0	847166	641822	23	23
(2, 10, 1)	2	0	562522	661823	24	24
(10, 2, 1)	1	1	758387	959343	40	39
(2, 11, 1)	2	0	697339	284024	31	31
(11, 2, 1)	1	0	453569	936263	43	42
(3, 4, 1)	1	0	672482	551903	32	31
(4, 3, 1)	2	0	652380	796070	42	42
(3, 5, 1)	2	0	554075	164820	18	18
(5, 3, 1)	1	0	445305	838380	39	38
(3, 6, 1)	1	0	647642	786343	32	31
(6, 3, 1)	1	0	600426	291389	20	19
(3, 7, 1)	1	1	291636	366945	14	13
(7, 3, 1)	2	0	503388	296997	21	21
(3, 8, 1)	1	0	421543	341668	24	23
(8, 3, 1)	2	0	420155	510377	21	21
(3, 9, 1)	1	0	363253	735713	17	16
(9, 3, 1)	2	0	792226	665017	20	20
(3, 10, 1)	2	0	508855	539692	15	15
(10, 3, 1)	1	0	646641	793707	25	24
(3, 11, 1)	2	0	655886	515198	28	28
(11, 3, 1)	1	0	317688	305984	21	20
(4, 5, 1)	1	1	997489	766569	93	92
(5, 4, 1)	1	0	177104	474139	29	28
(4, 6, 1)	1	0	244490	395973	16	15
(6, 4, 1)	2	0	577466	349761	15	15
(4, 7, 1)	1	0	123330	244714	13	12
(7, 4, 1)	2	0	265345	89708	12	12
(4, 8, 1)	1	0	285045	288567	16	15
(8, 4, 1)	2	0	361977	387832	21	21
(4, 9, 1)	1	0	241496	590439	13	12
(9, 4, 1)	2	0	893637	736655	38	38
(4, 10, 1)	2	0	242319	567316	16	16
(10, 4, 1)	1	0	815035	807115	46	45
(4, 11, 1)	2	0	638030	469557	30	30
(11, 4, 1)	1	0	364300	364106	22	21
(5, 6, 1)	2	0	94832	275218	15	15
(6, 5, 1)	2	0	646399	182226	23	23
(5, 7, 1)	1	0	145593	588257	24	23
(7, 5, 1)	0	0	999152	827281	98	97
(5, 8, 1)	1	0	127078	181516	14	13
(8, 5, 1)	2	0	368176	275964	28	28
(5, 9, 1)	1	0	41839	570065	11	10
(9, 5, 1)	2	0	828434	198950	21	21
(5, 10, 1)	1	0	110387	569900	15	14
(10, 5, 1)	1	1	706070	339869	27	26
(5, 11, 1)	2	0	262469	289024	21	21
(11, 5, 1)	1	0	342270	308537	31	30
(6, 7, 1)	1	0	310270	184298	13	12
(7, 6, 1)	1	1	601481	519830	17	16
(6, 8, 1)	2	0	677714	364174	24	24
(8, 6, 1)	2	0	183349	290005	10	10
(6, 9, 1)	1	0	372685	557605	11	10
(9, 6, 1)	0	0	982267	986577	98	97
(6, 10, 1)	2	0	603040	571085	17	17
(10, 6, 1)	1	0	633482	652739	20	19
(6, 11, 1)	2	0	549140	434805	19	19
(11, 6, 1)	1	1	166930	249941	10	9
(7, 8, 1)	1	0	570331	159943	14	13
(8, 7, 1)	2	0	151153	512618	13	13
(7, 9, 1)	1	0	786497	877054	27	26
(9, 7, 1)	0	0	964793	998109	98	97
(7, 10, 1)	2	0	306293	498276	13	13
(10, 7, 1)	1	0	580075	437750	16	15
(7, 11, 1)	2	0	311758	71346	14	14
(11, 7, 1)	1	0	149264	205853	13	12
(8, 9, 1)	1	0	272997	678495	18	17
(9, 8, 1)	1	0	794970	583669	32	31
(8, 10, 1)	2	0	351765	650700	21	21
(10, 8, 1)	1	0	644400	458378	28	27
(8, 11, 1)	2	0	475927	506118	26	26
(11, 8, 1)	1	1	228310	190776	14	13
(9, 10, 1)	2	0	663495	557969	16	16
(10, 9, 1)	1	0	543641	776865	19	18
(9, 11, 1)	2	0	693824	123877	15	15
(11, 9, 1)	1	0	187961	526561	11	10
(10, 11, 1)	1	0	787539	818696	39	38
(11, 10, 1)	2	0	584504	701896	25	25
(0, 1, 2)	2	0	821711	614789	52	52
(1, 0, 2)	1	0	550096	748685	46	45
(0, 2, 2)	1	0	919023	979395	60	59
(2, 0, 2)	2	0	464431	209970	17	17
(0, 3, 2)	1	0	250471	492677	21	20
(3, 0, 2)	2	0	392908	219163	18	18
(0, 4, 2)	1	1	298044	418767	25	24
(4, 0, 2)	2	0	317754	206029	17	17
(0, 5, 2)	1	0	294537	189356	20	19
(5, 0, 2)	2	0	131034	135512	15	15
(0, 6, 2)	1	1	180250	626358	25	24
(6, 0, 2)	2	0	534931	208576	14	14
(0, 7, 2)	1	0	669486	777960	33	32
(7, 0, 2)	2	0	498011	263055	19	19
(0, 8, 2)	1	0	310083	398557	23	22
(8, 0, 2)	2	0	217385	163606	15	15
(0, 9, 2)	1	1	169511	537933	9	8
(9, 0, 2)	2	0	529207	82028	15	15
(0, 10, 2)	1	0	198988	528227	13	12
(10, 0, 2)	1	0	771221	924053	42	41
(0, 11, 2)	1	0	746023	694368	40	39
(11, 0, 2)	2	0	263707	207378	18	18
(1, 2, 2)	1	0	706577	975042	57	56
(2, 1, 2)	2	0	944803	561668	38	38
(1, 3, 2)	1	1	310204	524560	25	24
(3, 1, 2)	2	0	743148	446930	27	27
(1, 4, 2)	1	0	182352	244053	17	16
(4, 1, 2)	2	0	455067	285078	28	28
(1, 5, 2)	1	0	233820	175095	22	21
(5, 1, 2)	2	0	130672	112632	14	14
(1, 6, 2)	1	0	273530	609868	26	25
(6, 1, 2)	2	0	683383	368068	26	26
(1, 7, 2)	1	1	257435	422504	22	21
(7, 1, 2)	2	0	562567	220466	19	19
(1, 8, 2)	1	0	186008	324683	19	18
(8, 1, 2)	2	0	363729	285301	19	19
(1, 9, 2)	1	0	112091	537119	11	10
(9, 1, 2)	2	0	623017	62927	15	15
(1, 10, 2)	2	0	451961	678822	23	23
(10, 1, 2)	1	0	771683	843279	38	37
(1, 11, 2)	2	0	170930	149001	18	18
(11, 1, 2)	1	0	746474	696167	41	40
(2, 3, 2)	1	0	642428	601220	22	21
(3, 2, 2)	0	0	993429	990384	98	97
(2, 4, 2)	1	1	835727	510111	24	23
(4, 2, 2)	2	0	661025	906815	39	39
(2, 5, 2)	1	0	577119	185869	19	18
(5, 2, 2)	2	0	183324	548671	17	17
(2, 6, 2)	1	0	664548	625236	24	23
(6, 2, 2)	1	1	844567	940641	45	44
(2, 7, 2)	1	0	615228	583878	21	20
(7, 2, 2)	2	0	747165	791865	29	29
(2, 8, 2)	1	0	628757	360131	21	20
(8, 2, 2)	2	0	219278	191660	14	14
(2, 9, 2)	1	1	256569	495931	9	8
(9, 2, 2)	2	0	656721	94212	15	15
(2, 10, 2)	0	0	990648	944548	98	97
(10, 2, 2)	1	0	778109	944466	37	36
(2, 11, 2)	2	0	953637	626517	41	41
(11, 2, 2)	1	0	565965	886778	42	41
(3, 4, 2)	1	0	343742	354148	19	18
(4, 3, 2)	1	0	269851	387325	22	21
(3, 5, 2)	2	0	490323	139257	20	20
(5, 3, 2)	1	0	68607	330305	15	14
(3, 6, 2)	1	1	403729	555333	21	20
(6, 3, 2)	2	0	581570	425594	18	18
(3, 7, 2)	1	0	732249	785674	35	34
(7, 3, 2)	1	0	908783	868013	38	37
(3, 8, 2)	1	0	399902	381639	24	23
(8, 3, 2)	2	0	188894	125026	10	10
(3, 9, 2)	1	0	185442	614189	12	11
(9, 3, 2)	2	0	393921	121582	11	11
(3, 10, 2)	2	0	630444	703872	29	29
(10, 3, 2)	1	0	717759	765694	33	32
(3, 11, 2)	2	0	294750	112774	14	14
(11, 3, 2)	1	0	625293	870388	40	39
(4, 5, 2)	2	0	323585	103480	16	16
(5, 4, 2)	1	0	229677	557980	29	28
(4, 6, 2)	2	0	361846	418423	21	21
(6, 4, 2)	2	0	563577	430889	21	21
(4, 7, 2)	1	0	389710	494625	21	20
(7, 4, 2)	1	0	735202	753094	40	39
(4, 8, 2)	1	0	325273	374735	19	18
(8, 4, 2)	1	0	449799	583006	36	35
(4, 9, 2)	1	0	229333	536322	15	14
(9, 4, 2)	2	0	464443	122384	17	17
(4, 10, 2)	1	0	154750	386460	8	7
(10, 4, 2)	1	0	636342	567322	29	28
(4, 11, 2)	2	0	431943	251253	23	23
(11, 4, 2)	1	0	246758	244951	17	16
(5, 6, 2)	1	0	242738	618367	22	21
(6, 5, 2)	0	0	991451	765325	98	97
(5, 7, 2)	1	0	304212	706555	28	27
(7, 5, 2)	1	1	530275	133718	9	8
(5, 8, 2)	1	0	167631	360584	19	18
(8, 5, 2)	2	0	203225	50622	13	13
(5, 9, 2)	1	0	104470	613565	14	13
(9, 5, 2)	2	0	698331	37488	15	15
(5, 10, 2)	2	0	323141	695117	30	30
(10, 5, 2)	1	0	688096	363634	29	28
(5, 11, 2)	2	0	415480	470123	38	38
(11, 5, 2)	1	0	303127	171429	17	16
(6, 7, 2)	1	0	468524	525362	22	21
(7, 6, 2)	2	0	384169	298796	15	15
(6, 8, 2)	1	0	622212	451212	25	24
(8, 6, 2)	2	0	247152	326872	14	14
(6, 9, 2)	1	0	567181	699128	14	13
(9, 6, 2)	2	0	640668	513547	14	14
(6, 10, 2)	2	0	617051	642848	19	19
(10, 6, 2)	1	1	709850	641442	32	31
(6, 11, 2)	2	0	614947	355728	20	20
(11, 6, 2)	1	0	281866	545031	22	21
(7, 8, 2)	2	0	273004	215728	14	14
(8, 7, 2)	2	0	225714	439188	12	12
(7, 9, 2)	1	0	314009	405613	8	7
(9, 7, 2)	2	0	666538	626668	17	17
(7, 10, 2)	2	0	387827	507815	15	15
(10, 7, 2)	1	0	671935	708524	28	27
(7, 11, 2)	2	0	477939	149967	26	26
(11, 7, 2)	1	1	295934	431857	17	16
(8, 9, 2)	1	0	589972	808861	37	36
(9, 8, 2)	1	0	739132	482038	32	31
(8, 10, 2)	2	0	252233	546973	21	21
(10, 8, 2)	1	0	579654	356477	18	17
(8, 11, 2)	2	0	144277	168624	18	18
(11, 8, 2)	1	0	299298	363109	17	16
(9, 10, 2)	2	0	485496	527832	13	13
(10, 9, 2)	1	0	504395	497325	13	12
(9, 11, 2)	2	0	582977	42514	15	15
(11, 9, 2)	1	0	118312	415810	10	9
(10, 11, 2)	1	1	784763	868650	39	38
(11, 10, 2)	1	0	491754	677295	22	21
(0, 1, 3)	1	0	427665	444156	26	25
(1, 0, 3)	2	0	419746	367454	27	27
(0, 2, 3)	0	0	991484	990688	99	99
(2, 0, 3)	2	1	961547	684848	45	45
(0, 3, 3)	1	0	157942	429423	15	14
(3, 0, 3)	2	0	680138	373227	23	23
(0, 4, 3)	1	0	150718	209830	16	15
(4, 0, 3)	2	1	239352	129346	19	19
(0, 5, 3)	1	0	101976	80087	11	10
(5, 0, 3)	2	0	358103	382003	30	30
(0, 6, 3)	1	0	89714	387419	13	12
(6, 0, 3)	2	0	537734	287311	16	16
(0, 7, 3)	1	0	176453	483880	19	18
(7, 0, 3)	2	0	345158	55075	15	15
(0, 8, 3)	1	0	177778	268997	14	13
(8, 0, 3)	2	4	315976	206894	14	14
(0, 9, 3)	1	0	130071	585877	14	13
(9, 0, 3)	2	0	630124	132941	15	15
(0, 10, 3)	2	0	877186	761406	40	40
(10, 0, 3)	1	0	807909	584807	40	39
(0, 11, 3)	1	0	540347	563358	26	25
(11, 0, 3)	2	0	470047	341060	21	21
(1, 2, 3)	1	0	405166	817540	24	23
(2, 1, 3)	1	0	796841	507606	26	25
(1, 3, 3)	1	0	82168	338855	16	15
(3, 1, 3)	2	0	563834	327925	23	23
(1, 4, 3)	1	0	335705	501907	30	29
(4, 1, 3)	2	1	600218	271670	40	40
(1, 5, 3)	1	0	87582	101421	14	13
(5, 1, 3)	2	0	350663	477496	38	38
(1, 6, 3)	1	0	115907	450149	17	16
(6, 1, 3)	2	0	668084	329383	27	27
(1, 7, 3)	1	0	321933	653903	23	22
(7, 1, 3)	2	1	397425	81090	16	16
(1, 8, 3)	1	0	125083	221609	16	15
(8, 1, 3)	2	0	279748	144220	19	19
(1, 9, 3)	1	0	84853	452992	15	14
(9, 1, 3)	2	0	624810	218490	16	16
(1, 10, 3)	2	0	869526	835147	48	48
(10, 1, 3)	1	0	516108	92548	14	13
(1, 11, 3)	2	0	555354	441866	23	23
(11, 1, 3)	2	0	723523	474994	38	38
(2, 3, 3)	1	0	315629	212948	10	9
(3, 2, 3)	2	0	333211	373038	16	16
(2, 4, 3)	1	0	379906	210315	16	15
(4, 2, 3)	2	0	349154	643791	20	20
(2, 5, 3)	1	0	180077	88942	12	11
(5, 2, 3)	2	0	345311	853859	28	28
(2, 6, 3)	1	0	313811	470414	18	17
(6, 2, 3)	1	0	665730	550698	26	25
(2, 7, 3)	1	0	379814	375392	17	16
(7, 2, 3)	2	0	350281	324694	13	13
(2, 8, 3)	1	0	496279	173931	14	13
(8, 2, 3)	2	0	281953	462955	19	19
(2, 9, 3)	1	0	299950	522710	13	12
(9, 2, 3)	2	0	481682	298168	12	12
(2, 10, 3)	2	0	811842	605025	26	26
(10, 2, 3)	1	0	755815	890963	31	30
(2, 11, 3)	1	0	786084	553880	33	32
(11, 2, 3)	2	1	788278	869126	35	35
(3, 4, 3)	1	0	392282	374578	27	26
(4, 3, 3)	2	0	755274	703176	39	39
(3, 5, 3)	2	1	490041	128126	14	14
(5, 3, 3)	2	1	408666	847990	34	34
(3, 6, 3)	2	0	841085	800808	26	26
(6, 3, 3)	2	0	695272	573989	31	31
(3, 7, 3)	2	0	363696	617815	16	16
(7, 3, 3)	2	1	390987	302835	15	15
(3, 8, 3)	1	0	181010	180166	12	11
(8, 3, 3)	2	1	342838	559090	19	19
(3, 9, 3)	1	0	521568	778543	19	18
(9, 3, 3)	2	0	618031	289577	12	12
(3, 10, 3)	2	0	891904	694092	35	35
(10, 3, 3)	1	0	618352	561245	21	20
(3, 11, 3)	2	0	772788	612134	30	30
(11, 3, 3)	1	0	661245	643250	29	28
(4, 5, 3)	2	0	439064	186279	32	32
(5, 4, 3)	2	1	421150	692934	42	42
(4, 6, 3)	2	0	696111	805623	38	38
(6, 4, 3)	1	0	396355	186836	18	17
(4, 7, 3)	1	0	301396	585195	20	19
(7, 4, 3)	2	0	241769	120753	11	11
(4, 8, 3)	1	0	399832	385509	24	23
(8, 4, 3)	2	0	312006	344726	21	21
(4, 9, 3)	1	0	167071	476601	12	11
(9, 4, 3)	2	0	651910	192492	13	13
(4, 10, 3)	2	1	626602	664734	30	30
(10, 4, 3)	1	0	538064	210799	14	13
(4, 11, 3)	2	0	702470	506727	36	36
(11, 4, 3)	1	0	196452	360803	26	25
(5, 6, 3)	1	0	169588	549455	18	17
(6, 5, 3)	1	0	436286	126238	17	16
(5, 7, 3)	1	0	136984	449405	18	17
(7, 5, 3)	2	0	237783	47494	11	11
(5, 8, 3)	1	0	82951	214697	13	12
(8, 5, 3)	2	0	331904	107275	18	18
(5, 9, 3)	1	0	81695	499166	13	12
(9, 5, 3)	2	0	506349	86880	10	10
(5, 10, 3)	2	0	315532	609827	27	27
(10, 5, 3)	1	0	549090	137768	15	14
(5, 11, 3)	2	1	333009	441939	33	33
(11, 5, 3)	1	0	114664	147241	17	16
(6, 7, 3)	1	0	668519	523468	26	25
(7, 6, 3)	2	1	388091	388403	11	11
(6, 8, 3)	1	0	607860	178236	19	18
(8, 6, 3)	2	0	334770	580690	16	16
(6, 9, 3)	1	0	457634	613674	15	14
(9, 6, 3)	2	0	740640	673198	21	21
(6, 10, 3)	2	0	919817	751225	34	34
(10, 6, 3)	1	0	535684	411170	15	14
(6, 11, 3)	2	0	697068	497220	27	27
(11, 6, 3)	1	0	300552	616488	19	18
(7, 8, 3)	1	0	730498	459401	26	25
(8, 7, 3)	2	0	262076	386370	14	14
(7, 9, 3)	1	0	651935	692870	20	19
(9, 7, 3)	1	0	591451	547798	21	20
(7, 10, 3)	2	1	627413	495522	18	18
(10, 7, 3)	1	0	571925	413090	18	17
(7, 11, 3)	2	0	252492	43201	14	14
(11, 7, 3)	1	0	351471	603543	23	22
(8, 9, 3)	2	0	690128	916408	47	47
(9, 8, 3)	2	0	786316	380456	29	29
(8, 10, 3)	2	0	437143	557627	26	26
(10, 8, 3)	1	0	683101	460733	26	25
(8, 11, 3)	2	0	266711	267231	20	20
(11, 8, 3)	1	0	184844	203268	12	11
(9, 10, 3)	2	0	844595	652034	25	25
(10, 9, 3)	1	0	548761	564191	14	13
(9, 11, 3)	2	0	745456	282782	19	19
(11, 9, 3)	1	0	363570	737595	23	22
(10, 11, 3)	1	0	606509	271652	19	18
(11, 10, 3)	2	0	874871	797362	42	42
(0, 1, 4)	0	0	995144	982945	99	98
(1, 0, 4)	2	0	362955	271973	25	25
(0, 2, 4)	1	0	229448	709815	30	29
(2, 0, 4)	1	0	967801	916945	49	48
(0, 3, 4)	1	0	96454	254082	15	14
(3, 0, 4)	2	0	208362	126771	16	16
(0, 4, 4)	1	0	483592	663409	38	37
(4, 0, 4)	2	0	734124	746740	36	36
(0, 5, 4)	1	1	604584	381222	39	38
(5, 0, 4)	2	0	323693	379397	30	30
(0, 6, 4)	1	0	134989	347109	13	12
(6, 0, 4)	2	0	688859	371184	23	23
(0, 7, 4)	1	1	159516	417461	19	18
(7, 0, 4)	2	0	439477	111184	16	16
(0, 8, 4)	1	1	104911	213357	11	10
(8, 0, 4)	2	0	560089	427334	21	21
(0, 9, 4)	1	0	229862	664357	20	19
(9, 0, 4)	2	0	452171	61106	13	13
(0, 10, 4)	2	0	771689	810590	41	41
(10, 0, 4)	1	0	784444	910313	52	51
(0, 11, 4)	1	1	472304	670636	43	42
(11, 0, 4)	1	0	643611	859046	51	50
(1, 2, 4)	1	0	439410	893446	32	31
(2, 1, 4)	1	0	921247	716315	36	35
(1, 3, 4)	1	0	243456	480540	22	21
(3, 1, 4)	2	0	503707	171871	18	18
(1, 4, 4)	1	0	283770	681230	38	37
(4, 1, 4)	2	0	501032	270008	25	25
(1, 5, 4)	1	0	59262	81782	11	10
(5, 1, 4)	2	0	258227	240506	20	20
(1, 6, 4)	1	0	123361	342369	13	12
(6, 1, 4)	2	0	323490	68475	10	10
(1, 7, 4)	1	0	55099	207976	17	16
(7, 1, 4)	2	0	444886	75705	17	17
(1, 8, 4)	1	0	262349	429956	26	25
(8, 1, 4)	2	0	433684	506793	27	27
(1, 9, 4)	1	0	138298	536091	18	17
(9, 1, 4)	2	0	512369	82687	12	12
(1, 10, 4)	2	0	573576	712634	27	27
(10, 1, 4)	2	0	738567	344440	27	27
(1, 11, 4)	2	0	568589	548451	34	34
(11, 1, 4)	1	0	690109	787310	38	37
(2, 3, 4)	1	1	850068	745570	27	26
(3, 2, 4)	2	0	642157	688634	26	26
(2, 4, 4)	1	1	599006	278839	13	12
(4, 2, 4)	2	0	441532	598317	25	25
(2, 5, 4)	1	0	237307	86829	11	10
(5, 2, 4)	2	0	276515	652704	22	22
(2, 6, 4)	1	0	368367	444933	18	17
(6, 2, 4)	2	0	456619	286716	13	13
(2, 7, 4)	1	1	341164	344320	17	16
(7, 2, 4)	2	0	413268	280067	15	15
(2, 8, 4)	1	0	384403	203265	13	12
(8, 2, 4)	2	0	356959	872565	27	27
(2, 9, 4)	1	0	348257	593150	15	14
(9, 2, 4)	2	0	644655	268776	15	15
(2, 10, 4)	2	0	837840	695172	25	25
(10, 2, 4)	1	1	636817	622136	20	19
(2, 11, 4)	0	0	990712	932470	99	98
(11, 2, 4)	1	1	857242	982008	49	48
(3, 4, 4)	2	0	197389	234143	18	18
(4, 3, 4)	1	0	160079	254147	17	16
(3, 5, 4)	2	0	818281	293108	28	28
(5, 3, 4)	1	0	438057	933268	48	47
(3, 6, 4)	1	0	259966	329256	14	13
(6, 3, 4)	2	0	699626	611491	22	22
(3, 7, 4)	1	0	142032	207931	15	14
(7, 3, 4)	2	0	496623	623601	25	25
(3, 8, 4)	1	0	514586	442755	24	23
(8, 3, 4)	2	0	414583	472327	18	18
(3, 9, 4)	1	0	317056	561414	16	15
(9, 3, 4)	2	0	650193	378254	16	16
(3, 10, 4)	2	0	219679	525800	16	16
(10, 3, 4)	1	1	515337	261116	15	14
(3, 11, 4)	2	0	448398	270621	14	14
(11, 3, 4)	1	0	330698	512804	19	18
(4, 5, 4)	1	0	118145	77072	11	10
(5, 4, 4)	2	0	285943	436572	21	21
(4, 6, 4)	1	0	161908	347975	11	10
(6, 4, 4)	2	0	477547	177571	13	13
(4, 7, 4)	1	0	119359	291779	15	14
(7, 4, 4)	2	0	281285	145731	17	17
(4, 8, 4)	1	1	171209	195776	11	10
(8, 4, 4)	2	0	493030	437116	22	22
(4, 9, 4)	1	0	746439	908261	39	38
(9, 4, 4)	2	0	418806	90041	12	12
(4, 10, 4)	2	0	441325	674607	24	24
(10, 4, 4)	1	0	674289	522951	27	26
(4, 11, 4)	2	0	449028	260667	25	25
(11, 4, 4)	1	0	499712	560780	31	30
(5, 6, 4)	1	0	239640	488821	19	18
(6, 5, 4)	2	0	464578	54258	15	15
(5, 7, 4)	1	0	414408	925731	49	48
(7, 5, 4)	2	0	209422	50182	11	11
(5, 8, 4)	1	0	205990	392152	20	19
(8, 5, 4)	2	0	330423	239917	23	23
(5, 9, 4)	1	0	86538	619877	16	15
(9, 5, 4)	2	0	641728	51404	13	13
(5, 10, 4)	2	0	239759	618248	22	22
(10, 5, 4)	1	1	737919	377208	32	31
(5, 11, 4)	2	0	409023	633949	34	34
(11, 5, 4)	1	0	85573	76815	12	11
(6, 7, 4)	1	1	536650	498032	17	16
(7, 6, 4)	2	0	282050	363897	13	13
(6, 8, 4)	1	0	403592	300111	16	15
(8, 6, 4)	2	0	264093	487460	14	14
(6, 9, 4)	1	0	408369	657425	20	19
(9, 6, 4)	2	0	481751	357349	14	14
(6, 10, 4)	2	0	340012	488523	12	12
(10, 6, 4)	1	0	578587	372160	15	14
(6, 11, 4)	2	0	378048	100660	11	11
(11, 6, 4)	1	0	429573	366131	15	14
(7, 8, 4)	2	0	897549	624213	54	54
(8, 7, 4)	1	1	219956	467238	14	13
(7, 9, 4)	1	0	764149	796102	22	21
(9, 7, 4)	2	0	461684	407786	12	12
(7, 10, 4)	2	0	278784	504870	13	13
(10, 7, 4)	1	1	607159	431421	19	18
(7, 11, 4)	2	0	277846	71279	15	15
(11, 7, 4)	1	1	316294	435176	19	18
(8, 9, 4)	1	0	337827	745361	21	20
(9, 8, 4)	2	0	666970	171103	18	18
(8, 10, 4)	2	0	329814	584274	19	19
(10, 8, 4)	1	0	572450	286569	15	14
(8, 11, 4)	2	0	265826	122721	15	15
(11, 8, 4)	1	0	460066	515727	25	24
(9, 10, 4)	2	0	662896	533465	15	15
(10, 9, 4)	1	0	513652	482666	12	11
(9, 11, 4)	2	0	660171	86387	16	16
(11, 9, 4)	1	0	108611	573323	15	14
(10, 11, 4)	2	0	689162	423062	22	22
(11, 10, 4)	2	0	643544	681153	25	25
(0, 1, 5)	1	0	158050	159693	15	14
(1, 0, 5)	2	0	120134	48846	12	12
(0, 2, 5)	1	0	156215	263411	15	14
(2, 0, 5)	2	1	549705	111203	22	22
(0, 3, 5)	1	0	223366	248628	17	16
(3, 0, 5)	2	1	237117	20385	5	5
(0, 4, 5)	1	0	106843	150213	13	12
(4, 0, 5)	2	0	347819	104984	19	19
(0, 5, 5)	1	0	138332	120325	13	12
(5, 0, 5)	2	1	601242	920587	63	63
(0, 6, 5)	1	0	190119	345822	14	13
(6, 0, 5)	2	0	182195	16624	8	8
(0, 7, 5)	1	0	126939	107904	12	11
(7, 0, 5)	2	0	253181	28178	13	13
(0, 8, 5)	1	0	141846	277397	15	14
(8, 0, 5)	2	1	192911	97448	9	9
(0, 9, 5)	1	0	126282	288884	9	8
(9, 0, 5)	2	0	524207	40996	10	10
(0, 10, 5)	1	0	149159	451180	10	9
(10, 0, 5)	1	0	732804	797407	32	31
(0, 11, 5)	2	0	867677	517695	41	41
(11, 0, 5)	2	1	262290	203533	19	19
(1, 2, 5)	2	0	329265	423353	14	14
(2, 1, 5)	1	0	115956	84066	12	11
(1, 3, 5)	1	0	318720	494322	21	20
(3, 1, 5)	2	0	236319	74967	13	13
(1, 4, 5)	2	0	340614	308865	18	18
(4, 1, 5)	2	1	364869	209771	21	21
(1, 5, 5)	1	0	115238	79916	9	8
(5, 1, 5)	2	0	118848	221603	15	15
(1, 6, 5)	1	0	283065	706964	27	26
(6, 1, 5)	2	0	216148	27531	10	10
(1, 7, 5)	1	0	58243	326449	17	16
(7, 1, 5)	2	0	266884	33601	16	16
(1, 8, 5)	1	0	319844	298421	19	18
(8, 1, 5)	2	0	469242	519001	33	33
(1, 9, 5)	1	0	100235	413551	10	9
(9, 1, 5)	2	0	512195	57018	11	11
(1, 10, 5)	2	0	774112	799745	40	40
(10, 1, 5)	2	0	606128	177028	16	16
(1, 11, 5)	2	0	343135	319930	19	19
(11, 1, 5)	1	0	451865	515009	31	30
(2, 3, 5)	1	0	126881	162800	12	11
(3, 2, 5)	2	0	264576	55593	10	10
(2, 4, 5)	1	0	519975	367234	23	22
(4, 2, 5)	2	1	583258	692704	31	31
(2, 5, 5)	1	0	115161	81501	11	10
(5, 2, 5)	2	0	117914	238269	9	9
(2, 6, 5)	1	0	571159	688910	23	22
(6, 2, 5)	2	0	211596	27183	8	8
(2, 7, 5)	1	0	270282	371592	16	15
(7, 2, 5)	2	1	216382	165284	12	12
(2, 8, 5)	1	0	126978	159923	13	12
(8, 2, 5)	2	0	153180	192084	10	10
(2, 9, 5)	1	0	137532	395000	12	11
(9, 2, 5)	2	0	683770	516148	14	14
(2, 10, 5)	1	0	698257	622253	18	17
(10, 2, 5)	2	0	606098	202163	16	16
(2, 11, 5)	2	1	707123	258742	22	22
(11, 2, 5)	1	0	529965	791390	29	28
(3, 4, 5)	2	0	267863	63385	8	8
(4, 3, 5)	2	0	393052	464592	24	24
(3, 5, 5)	2	1	245218	37193	7	7
(5, 3, 5)	2	0	349648	625402	28	28
(3, 6, 5)	2	1	240978	182133	7	7
(6, 3, 5)	2	0	204932	96455	11	11
(3, 7, 5)	1	0	545982	420257	18	17
(7, 3, 5)	2	0	355744	302683	17	17
(3, 8, 5)	1	0	128242	138842	9	8
(8, 3, 5)	2	0	305524	326948	17	17
(3, 9, 5)	1	0	115554	327459	10	9
(9, 3, 5)	2	0	559773	153181	12	12
(3, 10, 5)	2	1	314169	386508	7	7
(10, 3, 5)	1	0	520984	313553	13	12
(3, 11, 5)	1	0	293283	175150	18	17
(11, 3, 5)	1	0	233504	458696	22	21
(4, 5, 5)	1	0	190287	122722	13	12
(5, 4, 5)	2	0	116753	140490	10	10
(4, 6, 5)	1	0	119904	230919	9	8
(6, 4, 5)	2	0	190331	41344	9	9
(4, 7, 5)	1	0	114992	305130	15	14
(7, 4, 5)	2	0	252360	103131	15	15
(4, 8, 5)	1	0	128195	126627	10	9
(8, 4, 5)	1	0	107809	133762	14	13
(4, 9, 5)	1	0	96012	464690	11	10
(9, 4, 5)	2	0	569087	175906	13	13
(4, 10, 5)	2	0	786309	823461	45	45
(10, 4, 5)	1	0	509809	149311	14	13
(4, 11, 5)	2	0	586830	341104	31	31
(11, 4, 5)	1	0	70020	177421	16	15
(5, 6, 5)	1	0	161935	473884	23	22
(6, 5, 5)	2	0	198781	17231	8	8
(5, 7, 5)	1	0	86604	432159	18	17
(7, 5, 5)	2	0	266010	18079	14	14
(5, 8, 5)	1	0	172532	298407	18	17
(8, 5, 5)	1	0	158568	128060	14	13
(5, 9, 5)	2	0	498472	880612	37	37
(9, 5, 5)	2	0	454224	53870	9	9
(5, 10, 5)	2	0	295587	627215	22	22
(10, 5, 5)	1	0	531325	148936	15	14
(5, 11, 5)	2	0	151220	100451	16	16
(11, 5, 5)	1	0	66252	121736	14	13
(6, 7, 5)	2	0	534231	425880	14	14
(7, 6, 5)	1	0	525722	475697	16	15
(6, 8, 5)	1	0	188995	227666	11	10
(8, 6, 5)	2	0	158622	183326	11	11
(6, 9, 5)	2	0	355036	100798	11	11
(9, 6, 5)	1	0	40842	268101	12	11
(6, 10, 5)	2	0	363205	401911	9	9
(10, 6, 5)	1	0	501552	346622	12	11
(6, 11, 5)	2	0	348703	49455	9	9
(11, 6, 5)	1	0	87341	371713	12	11
(7, 8, 5)	2	0	265575	109474	13	13
(8, 7, 5)	1	0	222263	340101	15	14
(7, 9, 5)	1	0	444824	359201	9	8
(9, 7, 5)	0	0	972539	998854	98	98
(7, 10, 5)	2	0	466109	525109	13	13
(10, 7, 5)	1	0	470284	136197	13	12
(7, 11, 5)	2	0	262015	121374	15	15
(11, 7, 5)	1	0	63923	129167	13	12
(8, 9, 5)	2	0	612117	850907	34	34
(9, 8, 5)	1	4	846459	478049	23	22
(8, 10, 5)	2	0	187804	426894	11	11
(10, 8, 5)	1	0	442918	158992	12	11
(8, 11, 5)	2	0	185662	144037	11	11
(11, 8, 5)	1	0	62672	193303	10	9
(9, 10, 5)	2	0	692779	574726	19	19
(10, 9, 5)	1	0	644065	732865	19	18
(9, 11, 5)	2	0	495611	82005	11	11
(11, 9, 5)	1	0	80918	526357	13	12
(10, 11, 5)	2	0	478931	150298	10	10
(11, 10, 5)	1	0	176498	606156	17	16
(0, 1, 6)	0	0	992285	988602	98	97
(1, 0, 6)	1	0	75709	141178	13	12
(0, 2, 6)	1	0	762339	965546	44	43
(2, 0, 6)	2	0	654804	233233	23	23
(0, 3, 6)	1	0	622371	810223	37	36
(3, 0, 6)	2	0	567884	167016	17	17
(0, 4, 6)	1	1	322002	426964	23	22
(4, 0, 6)	2	0	265124	50410	17	17
(0, 5, 6)	1	0	401013	292138	27	26
(5, 0, 6)	2	0	105868	73848	13	13
(0, 6, 6)	1	1	623184	853796	46	45
(6, 0, 6)	2	0	545038	160900	18	18
(0, 7, 6)	1	1	250242	445939	15	14
(7, 0, 6)	2	0	429792	227192	18	18
(0, 8, 6)	1	1	101608	106906	8	7
(8, 0, 6)	2	0	137194	56716	11	11
(0, 9, 6)	1	0	113095	619288	10	9
(9, 0, 6)	2	0	508027	76240	13	13
(0, 10, 6)	1	0	446123	754720	30	29
(10, 0, 6)	1	0	733163	853342	39	38
(0, 11, 6)	0	0	988514	926724	98	97
(11, 0, 6)	2	0	225651	181728	19	19
(1, 2, 6)	1	0	321024	725461	25	24
(2, 1, 6)	2	0	892057	405483	38	38
(1, 3, 6)	1	0	299817	497376	21	20
(3, 1, 6)	2	0	591205	184522	19	19
(1, 4, 6)	1	0	329775	588276	29	28
(4, 1, 6)	2	0	264660	46506	18	18
(1, 5, 6)	2	0	406853	216526	21	21
(5, 1, 6)	2	0	179513	94365	21	21
(1, 6, 6)	1	0	334872	597565	24	23
(6, 1, 6)	2	0	204083	44167	9	9
(1, 7, 6)	1	1	235304	431210	19	18
(7, 1, 6)	2	0	356385	64236	18	18
(1, 8, 6)	1	0	166063	325785	29	28
(8, 1, 6)	2	0	199269	84667	15	15
(1, 9, 6)	1	0	167131	442318	13	12
(9, 1, 6)	2	0	430261	95434	16	16
(1, 10, 6)	2	0	579470	693048	24	24
(10, 1, 6)	2	0	451174	49244	9	9
(1, 11, 6)	1	1	245565	513412	30	29
(11, 1, 6)	2	0	599696	268417	27	27
(2, 3, 6)	1	0	859692	752389	31	30
(3, 2, 6)	2	0	729532	815460	28	28
(2, 4, 6)	1	1	629301	277505	17	16
(4, 2, 6)	2	0	274733	269386	17	17
(2, 5, 6)	1	0	960397	501733	45	44
(5, 2, 6)	2	0	144139	229612	18	18
(2, 6, 6)	1	0	741933	638023	22	21
(6, 2, 6)	2	0	212202	210372	9	9
(2, 7, 6)	1	0	614907	594464	23	22
(7, 2, 6)	2	0	284869	322059	19	19
(2, 8, 6)	1	1	271586	100332	8	7
(8, 2, 6)	2	0	236060	294755	15	15
(2, 9, 6)	1	0	277172	384069	9	8
(9, 2, 6)	2	0	494107	155500	12	12
(2, 10, 6)	2	0	766525	626016	20	20
(10, 2, 6)	1	0	689067	949266	40	39
(2, 11, 6)	2	0	871708	378679	33	33
(11, 2, 6)	1	0	638289	961541	38	37
(3, 4, 6)	1	1	450251	265732	18	17
(4, 3, 6)	2	0	283426	176638	18	18
(3, 5, 6)	1	0	696481	359561	29	28
(5, 3, 6)	0	0	741881	998981	98	97
(3, 6, 6)	1	1	457487	548263	21	20
(6, 3, 6)	2	0	914655	790805	40	40
(3, 7, 6)	1	1	780593	738688	33	32
(7, 3, 6)	2	0	668834	387742	22	22
(3, 8, 6)	1	0	549130	515326	26	25
(8, 3, 6)	2	0	193000	183060	10	10
(3, 9, 6)	1	0	130334	361984	9	8
(9, 3, 6)	2	0	681701	436830	14	14
(3, 10, 6)	1	0	424803	528124	13	12
(10, 3, 6)	1	0	717379	800480	31	30
(3, 11, 6)	2	0	696484	333730	26	26
(11, 3, 6)	1	0	305194	543548	21	20
(4, 5, 6)	2	0	613321	276002	30	30
(5, 4, 6)	2	0	139707	319323	20	20
(4, 6, 6)	2	0	268049	394852	18	18
(6, 4, 6)	1	0	524030	302304	21	20
(4, 7, 6)	1	1	372567	692985	18	17
(7, 4, 6)	1	0	906536	837875	49	48
(4, 8, 6)	1	1	216696	114203	14	13
(8, 4, 6)	2	0	201129	207240	18	18
(4, 9, 6)	1	0	175398	580922	11	10
(9, 4, 6)	2	0	704944	197997	16	16
(4, 10, 6)	2	0	278598	568496	18	18
(10, 4, 6)	1	0	705823	733398	39	38
(4, 11, 6)	2	0	263804	48555	18	18
(11, 4, 6)	1	0	406412	684803	39	38
(5, 6, 6)	1	0	168272	294543	16	15
(6, 5, 6)	2	0	543502	101429	20	20
(5, 7, 6)	1	0	357310	844851	39	38
(7, 5, 6)	1	1	948374	491028	39	38
(5, 8, 6)	1	0	202898	470704	23	22
(8, 5, 6)	2	0	154578	87516	11	11
(5, 9, 6)	1	0	34933	486777	10	9
(9, 5, 6)	2	0	579411	54141	13	13
(5, 10, 6)	2	0	321123	701881	28	28
(10, 5, 6)	1	0	709630	342975	31	30
(5, 11, 6)	2	0	169984	118803	23	23
(11, 5, 6)	1	1	612233	396228	29	28
(6, 7, 6)	2	0	696668	788170	29	29
(7, 6, 6)	2	0	499100	513332	21	21
(6, 8, 6)	1	1	397103	208102	10	9
(8, 6, 6)	2	0	252009	278208	13	13
(6, 9, 6)	1	0	201052	396674	9	8
(9, 6, 6)	2	0	507895	155791	16	16
(6, 10, 6)	2	0	659187	728056	28	28
(10, 6, 6)	1	0	681070	694066	27	26
(6, 11, 6)	2	0	195306	59573	9	9
(11, 6, 6)	1	0	315430	663711	24	23
(7, 8, 6)	1	1	672116	348303	25	24
(8, 7, 6)	2	0	190424	451261	12	12
(7, 9, 6)	1	0	630244	474721	12	11
(9, 7, 6)	2	0	741659	578796	18	18
(7, 10, 6)	2	0	307276	540411	15	15
(10, 7, 6)	1	0	715146	805726	33	32
(7, 11, 6)	2	0	384677	132004	18	18
(11, 7, 6)	1	0	500337	780236	29	28
(8, 9, 6)	1	0	227217	548350	13	12
(9, 8, 6)	1	0	981851	849968	55	54
(8, 10, 6)	2	0	264512	525098	17	17
(10, 8, 6)	1	0	546808	309958	20	19
(8, 11, 6)	2	0	183979	73153	12	12
(11, 8, 6)	1	1	127850	102694	8	7
(9, 10, 6)	2	0	754193	620791	18	18
(10, 9, 6)	1	0	468376	566570	14	13
(9, 11, 6)	2	0	684193	362027	15	15
(11, 9, 6)	1	0	274326	531490	11	10
(10, 11, 6)	2	0	479003	200090	10	10
(11, 10, 6)	1	0	598731	700248	24	23
(0, 1, 7)	0	0	994643	987806	98	97
(1, 0, 7)	1	0	381968	715206	35	34
(0, 2, 7)	1	1	927694	977439	57	56
(2, 0, 7)	2	0	865850	467999	36	36
(0, 3, 7)	1	0	124069	191132	12	11
(3, 0, 7)	2	0	481916	302892	21	21
(0, 4, 7)	1	0	53002	216464	15	14
(4, 0, 7)	2	0	315286	139524	17	17
(0, 5, 7)	1	1	47185	127791	11	10
(5, 0, 7)	2	0	225358	162811	18	18
(0, 6, 7)	1	0	46787	177408	14	13
(6, 0, 7)	2	0	619323	159433	19	19
(0, 7, 7)	1	0	30886	231199	14	13
(7, 0, 7)	2	0	396061	138750	15	15
(0, 8, 7)	1	1	68947	71575	10	9
(8, 0, 7)	2	4	139474	185294	8	8
(0, 9, 7)	1	0	46467	436888	12	11
(9, 0, 7)	2	0	409943	144643	12	12
(0, 10, 7)	1	0	256231	677421	22	21
(10, 0, 7)	1	0	791450	833048	44	43
(0, 11, 7)	1	1	456718	623684	32	31
(11, 0, 7)	1	0	746672	912794	48	47
(1, 2, 7)	1	0	91313	182641	17	16
(2, 1, 7)	1	0	725789	344098	24	23
(1, 3, 7)	1	0	91846	289900	13	12
(3, 1, 7)	2	0	623525	349295	26	26
(1, 4, 7)	1	0	44327	124312	18	17
(4, 1, 7)	2	0	297848	187309	17	17
(1, 5, 7)	1	1	193994	150757	12	11
(5, 1, 7)	2	0	184230	233066	15	15
(1, 6, 7)	1	0	24692	178094	15	14
(6, 1, 7)	2	0	747249	432557	23	23
(1, 7, 7)	1	0	24163	272776	16	15
(7, 1, 7)	2	0	487132	170973	17	17
(1, 8, 7)	1	0	26023	71074	8	7
(8, 1, 7)	2	0	282131	352696	20	20
(1, 9, 7)	1	0	26508	455084	13	12
(9, 1, 7)	2	0	658761	234852	17	17
(1, 10, 7)	0	0	986314	945038	98	97
(10, 1, 7)	1	0	636351	188226	19	18
(1, 11, 7)	2	0	732292	818509	48	48
(11, 1, 7)	1	0	581078	492704	27	26
(2, 3, 7)	1	0	528307	400455	16	15
(3, 2, 7)	2	0	250499	441096	17	17
(2, 4, 7)	1	0	168021	148263	14	13
(4, 2, 7)	2	0	290944	337715	17	17
(2, 5, 7)	1	1	266157	170232	11	10
(5, 2, 7)	2	0	202044	440742	19	19
(2, 6, 7)	1	0	111579	177463	14	13
(6, 2, 7)	2	0	740839	733826	24	24
(2, 7, 7)	1	0	112179	223163	14	13
(7, 2, 7)	2	0	527376	479184	20	20
(2, 8, 7)	1	0	111611	103270	9	8
(8, 2, 7)	2	0	382641	516048	19	19
(2, 9, 7)	1	0	111512	439587	12	11
(9, 2, 7)	2	0	534381	169557	12	12
(2, 10, 7)	2	0	804627	714913	27	27
(10, 2, 7)	1	1	612992	722289	17	16
(2, 11, 7)	1	0	780241	557143	31	30
(11, 2, 7)	1	0	695765	950593	44	43
(3, 4, 7)	1	1	466990	434210	16	15
(4, 3, 7)	2	0	202971	267416	15	15
(3, 5, 7)	1	1	488013	198230	21	20
(5, 3, 7)	2	0	163702	329510	17	17
(3, 6, 7)	1	0	85199	181866	14	13
(6, 3, 7)	2	0	600934	410038	22	22
(3, 7, 7)	1	0	86254	230121	15	14
(7, 3, 7)	2	0	637469	465601	23	23
(3, 8, 7)	1	0	86459	81471	10	9
(8, 3, 7)	2	0	386150	638532	23	23
(3, 9, 7)	1	0	84037	377831	13	12
(9, 3, 7)	0	0	994199	998001	98	97
(3, 10, 7)	2	0	458977	615314	21	21
(10, 3, 7)	1	0	570334	288540	17	16
(3, 11, 7)	2	0	526440	302358	23	23
(11, 3, 7)	1	0	257546	408774	16	15
(4, 5, 7)	2	0	304736	80116	17	17
(5, 4, 7)	2	0	157725	298856	14	14
(4, 6, 7)	1	1	585591	717397	31	30
(6, 4, 7)	1	0	368308	127475	15	14
(4, 7, 7)	1	0	325989	614769	26	25
(7, 4, 7)	2	0	426320	248424	23	23
(4, 8, 7)	1	0	48147	135217	12	11
(8, 4, 7)	2	0	141564	207718	12	12
(4, 9, 7)	1	0	127902	551528	13	12
(9, 4, 7)	1	0	889620	715992	43	42
(4, 10, 7)	2	0	186393	556879	16	16
(10, 4, 7)	1	1	503576	152435	15	14
(4, 11, 7)	2	0	180588	233016	18	18
(11, 4, 7)	1	0	94317	151524	17	16
(5, 6, 7)	1	0	357482	600570	28	27
(6, 5, 7)	1	1	326891	130555	11	10
(5, 7, 7)	2	0	220931	623677	18	18
(7, 5, 7)	2	0	465550	113340	19	19
(5, 8, 7)	1	4	250671	422771	18	17
(8, 5, 7)	2	0	324297	215992	27	27
(5, 9, 7)	1	1	37873	622567	11	10
(9, 5, 7)	1	0	973217	569822	57	56
(5, 10, 7)	2	0	238142	649934	24	24
(10, 5, 7)	1	0	545698	153922	14	13
(5, 11, 7)	2	0	247397	297798	24	24
(11, 5, 7)	1	0	93524	141819	13	12
(6, 7, 7)	1	0	183474	260817	15	14
(7, 6, 7)	2	0	394641	463844	16	16
(6, 8, 7)	1	0	196426	99111	9	8
(8, 6, 7)	1	1	281515	509607	21	20
(6, 9, 7)	1	0	220238	472846	13	12
(9, 6, 7)	2	0	607805	468386	15	15
(6, 10, 7)	2	0	530663	539257	14	14
(10, 6, 7)	1	0	754840	851192	34	33
(6, 11, 7)	2	0	620816	303329	25	25
(11, 6, 7)	1	0	53666	177845	14	13
(7, 8, 7)	2	0	546010	259224	19	19
(8, 7, 7)	1	0	209410	546464	25	24
(7, 9, 7)	1	0	411059	780780	16	15
(9, 7, 7)	2	0	676909	576356	16	16
(7, 10, 7)	2	0	439012	533920	15	15
(10, 7, 7)	1	0	506318	367948	17	16
(7, 11, 7)	2	0	457884	184699	19	19
(11, 7, 7)	1	0	51819	224632	15	14
(8, 9, 7)	2	0	816877	829876	35	35
(9, 8, 7)	2	0	520043	92719	10	10
(8, 10, 7)	2	0	563720	741696	30	30
(10, 8, 7)	1	1	455854	129143	10	9
(8, 11, 7)	2	0	406105	482766	30	30
(11, 8, 7)	1	0	37186	114449	9	8
(9, 10, 7)	2	0	531623	492614	12	12
(10, 9, 7)	1	0	452658	561622	14	13
(9, 11, 7)	2	0	603822	117888	14	14
(11, 9, 7)	1	0	43793	395398	12	11
(10, 11, 7)	2	0	699807	284913	23	23
(11, 10, 7)	2	0	556700	644721	24	24
(0, 1, 8)	0	0	988624	979736	98	97
(1, 0, 8)	1	0	576743	865008	47	46
(0, 2, 8)	2	0	206793	283424	18	18
(2, 0, 8)	2	0	335399	47816	16	16
(0, 3, 8)	2	0	198685	480271	23	23
(3, 0, 8)	2	0	413815	73652	13	13
(0, 4, 8)	1	0	372995	511736	29	28
(4, 0, 8)	2	0	171901	36664	13	13
(0, 5, 8)	1	0	330685	323907	25	24
(5, 0, 8)	2	0	378364	406070	41	41
(0, 6, 8)	1	1	212375	508555	19	18
(6, 0, 8)	2	0	464484	63752	13	13
(0, 7, 8)	1	0	553555	711141	33	32
(7, 0, 8)	2	0	194424	36903	13	13
(0, 8, 8)	1	0	336711	441018	27	26
(8, 0, 8)	2	0	134351	33284	10	10
(0, 9, 8)	1	0	182923	713647	16	15
(9, 0, 8)	2	0	774418	204772	21	21
(0, 10, 8)	2	0	213925	585228	19	19
(10, 0, 8)	2	0	677491	267969	21	21
(0, 11, 8)	2	0	258858	171399	25	25
(11, 0, 8)	2	0	180874	57605	18	18
(1, 2, 8)	2	0	199858	162155	19	19
(2, 1, 8)	2	0	608017	385870	26	26
(1, 3, 8)	1	0	241735	898035	35	34
(3, 1, 8)	2	0	536645	366247	24	24
(1, 4, 8)	1	0	380904	393719	34	33
(4, 1, 8)	2	0	243640	155665	13	13
(1, 5, 8)	2	0	196398	93280	15	15
(5, 1, 8)	2	0	143368	116030	17	17
(1, 6, 8)	1	0	281859	690070	21	20
(6, 1, 8)	2	0	474478	107952	12	12
(1, 7, 8)	1	1	263346	473812	23	22
(7, 1, 8)	2	0	310823	51302	19	19
(1, 8, 8)	1	0	252579	316460	25	24
(8, 1, 8)	2	0	163993	39987	12	12
(1, 9, 8)	1	0	98770	288317	10	9
(9, 1, 8)	2	0	435320	99082	10	10
(1, 10, 8)	1	0	259201	688779	23	22
(10, 1, 8)	1	0	814232	862286	40	39
(1, 11, 8)	2	0	239164	87403	20	20
(11, 1, 8)	2	0	417009	408818	32	32
(2, 3, 8)	2	0	379410	550055	26	26
(3, 2, 8)	2	0	378059	201146	14	14
(2, 4, 8)	1	0	645243	530294	37	36
(4, 2, 8)	2	0	152349	200972	14	14
(2, 5, 8)	0	0	990500	785154	98	97
(5, 2, 8)	2	0	204872	559411	19	19
(2, 6, 8)	1	0	539728	353601	9	8
(6, 2, 8)	2	0	473425	268930	12	12
(2, 7, 8)	1	0	703774	664982	27	26
(7, 2, 8)	2	0	191377	89461	13	13
(2, 8, 8)	1	0	570266	222577	15	14
(8, 2, 8)	2	0	101226	80251	11	11
(2, 9, 8)	1	0	219979	284242	10	9
(9, 2, 8)	2	0	537241	192499	13	13
(2, 10, 8)	2	0	439651	579269	19	19
(10, 2, 8)	1	1	807835	969818	46	45
(2, 11, 8)	2	0	320043	126134	16	16
(11, 2, 8)	2	0	518198	783324	27	27
(3, 4, 8)	0	0	996283	998872	98	97
(4, 3, 8)	1	0	337640	372438	22	21
(3, 5, 8)	0	0	998765	850226	98	97
(5, 3, 8)	2	0	428184	778285	36	36
(3, 6, 8)	2	0	406671	514263	16	16
(6, 3, 8)	2	0	601424	480649	16	16
(3, 7, 8)	1	0	582520	702964	27	26
(7, 3, 8)	2	0	712560	611161	29	29
(3, 8, 8)	1	0	489336	449662	24	23
(8, 3, 8)	2	0	60391	108806	12	12
(3, 9, 8)	1	0	158850	690305	12	11
(9, 3, 8)	2	0	554239	192999	14	14
(3, 10, 8)	2	0	372309	517084	16	16
(10, 3, 8)	1	0	748605	847268	39	38
(3, 11, 8)	2	0	422785	146405	18	18
(11, 3, 8)	2	0	116608	440968	18	18
(4, 5, 8)	2	0	378658	115237	17	17
(5, 4, 8)	1	0	254095	583645	26	25
(4, 6, 8)	1	1	391079	595681	20	19
(6, 4, 8)	1	0	687399	440500	29	28
(4, 7, 8)	1	0	194561	377578	17	16
(7, 4, 8)	2	0	454342	143958	24	24
(4, 8, 8)	1	0	426939	425990	27	26
(8, 4, 8)	2	0	174787	122194	12	12
(4, 9, 8)	1	0	170806	416506	11	10
(9, 4, 8)	2	0	367159	73200	11	11
(4, 10, 8)	2	0	511785	700709	27	27
(10, 4, 8)	1	0	759188	679049	37	36
(4, 11, 8)	2	0	252010	191958	17	17
(11, 4, 8)	2	0	110537	176303	19	19
(5, 6, 8)	1	1	249478	697925	26	25
(6, 5, 8)	2	0	756304	378405	38	38
(5, 7, 8)	1	1	162918	474068	19	18
(7, 5, 8)	2	0	184289	19977	13	13
(5, 8, 8)	1	1	228800	440445	24	23
(8, 5, 8)	2	0	502592	147113	17	17
(5, 9, 8)	1	0	37724	612553	13	12
(9, 5, 8)	2	0	527478	56802	14	14
(5, 10, 8)	2	0	171044	610807	18	18
(10, 5, 8)	1	0	722923	470314	35	34
(5, 11, 8)	2	0	171446	136130	18	18
(11, 5, 8)	1	0	220023	285572	28	27
(6, 7, 8)	1	0	668507	733841	35	34
(7, 6, 8)	2	0	331325	375749	16	16
(6, 8, 8)	1	0	713904	503920	34	33
(8, 6, 8)	1	1	186393	481776	16	15
(6, 9, 8)	1	0	323892	544041	10	9
(9, 6, 8)	2	0	830528	519844	23	23
(6, 10, 8)	2	0	434011	491340	12	12
(10, 6, 8)	1	1	702839	701898	25	24
(6, 11, 8)	2	0	438964	145695	12	12
(11, 6, 8)	1	0	450633	709359	30	29
(7, 8, 8)	1	0	627731	331466	23	22
(8, 7, 8)	1	0	385160	795001	30	29
(7, 9, 8)	1	0	588967	542175	15	14
(9, 7, 8)	2	0	340264	388535	9	9
(7, 10, 8)	2	0	216620	473968	13	13
(10, 7, 8)	1	0	632759	605638	22	21
(7, 11, 8)	2	0	344559	24920	18	18
(11, 7, 8)	1	1	276755	650418	26	25
(8, 9, 8)	1	0	188883	564423	13	12
(9, 8, 8)	2	0	592369	161766	15	15
(8, 10, 8)	2	0	136625	436588	10	10
(10, 8, 8)	1	0	593433	310224	20	19
(8, 11, 8)	2	0	232197	179258	21	21
(11, 8, 8)	1	0	189914	321283	17	16
(9, 10, 8)	2	0	490230	467894	12	12
(10, 9, 8)	1	0	494457	547052	12	11
(9, 11, 8)	2	0	534769	55224	12	12
(11, 9, 8)	1	0	335945	689473	19	18
(10, 11, 8)	1	0	746304	712614	34	33
(11, 10, 8)	2	0	141405	594782	19	19
(0, 1, 9)	0	0	994347	988400	98	97
(1, 0, 9)	2	0	494243	449386	27	27
(0, 2, 9)	2	0	705550	766482	35	35
(2, 0, 9)	2	0	890586	604767	37	37
(0, 3, 9)	1	0	266553	271004	15	14
(3, 0, 9)	2	0	244330	94354	16	16
(0, 4, 9)	1	1	237587	348920	23	22
(4, 0, 9)	2	0	400607	211678	23	23
(0, 5, 9)	1	1	207387	153131	16	15
(5, 0, 9)	2	0	289207	260800	21	21
(0, 6, 9)	1	1	296451	602960	25	24
(6, 0, 9)	2	0	424638	87999	13	13
(0, 7, 9)	1	0	234012	429071	14	13
(7, 0, 9)	2	0	262708	53944	14	14
(0, 8, 9)	1	1	253617	340312	17	16
(8, 0, 9)	2	0	340333	273074	19	19
(0, 9, 9)	1	0	155015	475336	13	12
(9, 0, 9)	2	0	497732	48435	12	12
(0, 10, 9)	2	0	708193	824133	44	44
(10, 0, 9)	1	0	742092	826409	41	40
(0, 11, 9)	2	0	560701	371373	33	33
(11, 0, 9)	2	0	548807	417472	32	32
(1, 2, 9)	1	1	841833	987826	71	70
(2, 1, 9)	0	0	990415	994951	98	97
(1, 3, 9)	1	0	265493	304380	17	16
(3, 1, 9)	2	0	951826	796235	62	62
(1, 4, 9)	1	0	377473	656496	40	39
(4, 1, 9)	2	0	515310	321104	22	22
(1, 5, 9)	1	1	292100	268023	23	22
(5, 1, 9)	2	0	292578	297745	26	26
(1, 6, 9)	1	0	375050	694850	24	23
(6, 1, 9)	2	0	473549	152967	17	17
(1, 7, 9)	1	0	131939	467027	19	18
(7, 1, 9)	2	0	296398	46132	18	18
(1, 8, 9)	1	0	222031	308213	18	17
(8, 1, 9)	2	0	388042	214302	23	23
(1, 9, 9)	1	0	82966	650535	15	14
(9, 1, 9)	2	0	552865	167111	18	18
(1, 10, 9)	2	0	620985	715869	26	26
(10, 1, 9)	1	0	742544	537972	30	29
(1, 11, 9)	0	0	979484	958742	98	97
(11, 1, 9)	2	0	322544	131063	21	21
(2, 3, 9)	1	0	848787	837465	32	31
(3, 2, 9)	2	0	237739	311615	15	15
(2, 4, 9)	1	0	847180	661652	37	36
(4, 2, 9)	2	0	440887	501850	21	21
(2, 5, 9)	1	0	869174	387629	33	32
(5, 2, 9)	2	0	408675	854267	39	39
(2, 6, 9)	1	0	846181	797509	27	26
(6, 2, 9)	2	0	405215	273440	15	15
(2, 7, 9)	1	0	483491	301185	16	15
(7, 2, 9)	2	0	276943	143803	15	15
(2, 8, 9)	1	0	531092	283947	17	16
(8, 2, 9)	2	0	217124	200015	13	13
(2, 9, 9)	1	0	111237	560176	11	10
(9, 2, 9)	2	0	449020	167030	13	13
(2, 10, 9)	2	0	758777	742160	31	31
(10, 2, 9)	2	0	570109	326017	14	14
(2, 11, 9)	1	0	978113	892347	55	54
(11, 2, 9)	2	0	508904	657595	30	30
(3, 4, 9)	2	0	348224	211757	13	13
(4, 3, 9)	1	0	219678	257631	11	10
(3, 5, 9)	2	0	840873	483254	42	42
(5, 3, 9)	2	0	368803	667210	30	30
(3, 6, 9)	1	1	303480	536664	12	11
(6, 3, 9)	2	0	514167	333135	18	18
(3, 7, 9)	1	0	393488	557128	20	19
(7, 3, 9)	2	0	592354	368724	20	20
(3, 8, 9)	1	0	546972	468594	24	23
(8, 3, 9)	2	0	270701	285000	12	12
(3, 9, 9)	1	0	160248	555239	11	10
(9, 3, 9)	2	0	669402	379427	17	17
(3, 10, 9)	2	0	322404	591454	17	17
(10, 3, 9)	1	1	526268	199140	13	12
(3, 11, 9)	2	0	244223	82207	16	16
(11, 3, 9)	1	1	854801	973283	64	63
(4, 5, 9)	2	0	508208	306869	30	30
(5, 4, 9)	1	0	171609	249881	23	22
(4, 6, 9)	1	0	233105	549799	15	14
(6, 4, 9)	2	0	398397	165033	11	11
(4, 7, 9)	1	1	362331	512196	18	17
(7, 4, 9)	1	0	395323	129745	13	12
(4, 8, 9)	1	0	269053	210395	16	15
(8, 4, 9)	2	0	210013	149849	11	11
(4, 9, 9)	1	1	175829	515222	13	12
(9, 4, 9)	1	0	861219	535646	35	34
(4, 10, 9)	2	0	603347	716120	29	29
(10, 4, 9)	1	1	566635	238041	15	14
(4, 11, 9)	2	0	410191	366211	24	24
(11, 4, 9)	1	0	298210	478057	24	23
(5, 6, 9)	1	1	94932	476109	14	13
(6, 5, 9)	1	1	580431	254461	19	18
(5, 7, 9)	1	0	165632	533374	23	22
(7, 5, 9)	2	0	282992	38065	18	18
(5, 8, 9)	1	0	249994	345037	30	29
(8, 5, 9)	2	0	289181	111637	17	17
(5, 9, 9)	1	0	58536	572997	11	10
(9, 5, 9)	2	0	498309	58281	11	11
(5, 10, 9)	2	0	240010	649122	19	19
(10, 5, 9)	2	0	606222	200184	16	16
(5, 11, 9)	2	0	512378	859294	48	48
(11, 5, 9)	1	0	633749	461780	37	36
(6, 7, 9)	1	0	531122	365863	23	22
(7, 6, 9)	2	0	354998	474224	17	17
(6, 8, 9)	1	0	535382	342632	20	19
(8, 6, 9)	2	0	198621	258726	11	11
(6, 9, 9)	1	0	246859	554823	11	10
(9, 6, 9)	2	0	434618	244878	12	12
(6, 10, 9)	2	0	615214	620651	19	19
(10, 6, 9)	1	0	722907	819981	34	33
(6, 11, 9)	2	0	430088	159716	14	14
(11, 6, 9)	1	0	187330	542883	17	16
(7, 8, 9)	1	0	686586	362086	22	21
(8, 7, 9)	2	0	303798	706421	27	27
(7, 9, 9)	1	0	782168	911585	24	23
(9, 7, 9)	2	0	861428	762212	21	21
(7, 10, 9)	2	0	444631	545021	16	16
(10, 7, 9)	1	0	532590	432586	16	15
(7, 11, 9)	2	0	291906	49320	16	16
(11, 7, 9)	1	0	222858	476065	21	20
(8, 9, 9)	2	0	266780	752115	17	17
(9, 8, 9)	1	0	818816	544608	34	33
(8, 10, 9)	2	0	249155	565698	14	14
(10, 8, 9)	1	0	631885	330157	22	21
(8, 11, 9)	2	0	169599	189944	11	11
(11, 8, 9)	1	0	252868	413980	23	22
(9, 10, 9)	2	0	519743	508688	13	13
(10, 9, 9)	1	0	452653	580262	11	10
(9, 11, 9)	2	0	591714	73386	14	14
(11, 9, 9)	1	0	34974	591557	11	10
(10, 11, 9)	1	0	834047	699557	46	45
(11, 10, 9)	2	0	664749	740887	30	30
(0, 1, 10)	1	0	936412	780396	55	54
(1, 0, 10)	1	0	750804	952373	62	61
(0, 2, 10)	1	0	935465	984494	62	61
(2, 0, 10)	1	0	910794	878393	43	42
(0, 3, 10)	1	0	347610	543147	25	24
(3, 0, 10)	2	0	446503	130396	14	14
(0, 4, 10)	1	1	250585	402909	23	22
(4, 0, 10)	2	0	595957	511341	29	29
(0, 5, 10)	1	0	704065	446038	40	39
(5, 0, 10)	2	0	402119	616285	34	34
(0, 6, 10)	1	0	266314	546721	22	21
(6, 0, 10)	2	0	412443	128660	15	15
(0, 7, 10)	1	0	284569	510068	22	21
(7, 0, 10)	2	0	497252	226699	19	19
(0, 8, 10)	1	0	228899	270069	21	20
(8, 0, 10)	2	0	331435	232279	19	19
(0, 9, 10)	1	0	349187	689319	16	15
(9, 0, 10)	2	0	867570	506060	27	27
(0, 10, 10)	2	0	75738	479115	15	15
(10, 0, 10)	1	0	800401	790633	41	40
(0, 11, 10)	1	1	646240	531953	30	29
(11, 0, 10)	2	0	335106	197222	14	14
(1, 2, 10)	1	1	555704	973109	56	55
(2, 1, 10)	0	0	990287	993818	94	93
(1, 3, 10)	1	1	338987	821254	33	32
(3, 1, 10)	2	0	422135	305092	20	20
(1, 4, 10)	1	0	440587	679512	36	35
(4, 1, 10)	2	0	513778	518820	27	27
(1, 5, 10)	1	0	82029	185929	19	18
(5, 1, 10)	2	0	259075	258211	26	26
(1, 6, 10)	1	0	116909	366093	19	18
(6, 1, 10)	2	0	494150	219264	21	21
(1, 7, 10)	1	0	147901	455084	11	10
(7, 1, 10)	2	0	559449	334692	26	26
(1, 8, 10)	1	0	60283	102177	9	8
(8, 1, 10)	2	0	403402	337314	26	26
(1, 9, 10)	1	0	133927	571549	13	12
(9, 1, 10)	2	0	742582	171816	21	21
(1, 10, 10)	2	0	667303	776388	34	34
(10, 1, 10)	2	0	789671	571593	34	34
(1, 11, 10)	1	0	274611	330235	29	28
(11, 1, 10)	1	0	336031	239010	17	16
(2, 3, 10)	1	0	511261	586398	21	20
(3, 2, 10)	2	0	491987	320500	18	18
(2, 4, 10)	1	0	737740	517897	25	24
(4, 2, 10)	2	0	384890	448329	22	22
(2, 5, 10)	1	0	473787	186739	18	17
(5, 2, 10)	1	1	187860	787695	29	28
(2, 6, 10)	1	0	344248	239632	12	11
(6, 2, 10)	2	0	418557	501619	17	17
(2, 7, 10)	1	0	432523	390007	13	12
(7, 2, 10)	2	0	440134	308096	15	15
(2, 8, 10)	1	0	386486	245866	14	13
(8, 2, 10)	2	4	332190	581010	11	11
(2, 9, 10)	1	0	488560	650446	16	15
(9, 2, 10)	2	0	473186	454370	11	11
(2, 10, 10)	2	0	667053	702374	24	24
(10, 2, 10)	1	0	861613	983451	55	54
(2, 11, 10)	2	0	886616	441423	27	27
(11, 2, 10)	1	0	584971	932282	43	42
(3, 4, 10)	1	0	230689	224784	19	18
(4, 3, 10)	1	1	150133	179467	12	11
(3, 5, 10)	2	0	244322	22182	14	14
(5, 3, 10)	0	0	808202	997365	94	93
(3, 6, 10)	2	0	166345	72514	10	10
(6, 3, 10)	0	0	988832	994844	94	93
(3, 7, 10)	1	1	657256	805223	31	30
(7, 3, 10)	2	0	663288	407936	22	22
(3, 8, 10)	2	0	169061	24483	10	10
(8, 3, 10)	2	0	416554	397772	25	25
(3, 9, 10)	1	0	683506	765214	19	18
(9, 3, 10)	2	0	584906	228905	12	12
(3, 10, 10)	2	0	546237	582188	17	17
(10, 3, 10)	1	0	649281	504211	22	21
(3, 11, 10)	2	0	279740	124085	13	13
(11, 3, 10)	1	0	441293	710033	26	25
(4, 5, 10)	2	0	183015	21880	14	14
(5, 4, 10)	1	0	78269	227533	18	17
(4, 6, 10)	1	0	193242	75534	11	10
(6, 4, 10)	2	0	468051	254661	14	14
(4, 7, 10)	1	0	206459	249066	17	16
(7, 4, 10)	2	0	606122	243777	16	16
(4, 8, 10)	1	1	221074	129166	14	13
(8, 4, 10)	2	0	240580	188554	15	15
(4, 9, 10)	1	0	191119	585952	14	13
(9, 4, 10)	2	0	671689	144642	16	16
(4, 10, 10)	2	0	131615	492775	13	13
(10, 4, 10)	1	0	703548	513004	30	29
(4, 11, 10)	2	0	179949	123520	16	16
(11, 4, 10)	1	1	399385	475896	28	27
(5, 6, 10)	2	0	114410	207470	13	13
(6, 5, 10)	2	0	335440	22209	13	13
(5, 7, 10)	1	0	171795	610694	21	20
(7, 5, 10)	2	0	444838	22096	17	17
(5, 8, 10)	1	1	302890	511690	31	30
(8, 5, 10)	2	0	112780	79692	11	11
(5, 9, 10)	1	0	116075	589007	11	10
(9, 5, 10)	2	0	571026	42219	11	11
(5, 10, 10)	2	0	88511	468566	14	14
(10, 5, 10)	1	0	708347	220707	24	23
(5, 11, 10)	2	0	156972	234746	16	16
(11, 5, 10)	1	0	110777	186477	20	19
(6, 7, 10)	2	0	481112	465220	15	15
(7, 6, 10)	2	0	171508	76418	12	12
(6, 8, 10)	1	1	575202	368600	38	37
(8, 6, 10)	2	0	85296	217220	11	11
(6, 9, 10)	1	0	454738	686342	15	14
(9, 6, 10)	2	0	664345	266064	19	19
(6, 10, 10)	2	0	385107	430948	9	9
(10, 6, 10)	2	0	651409	487970	19	19
(6, 11, 10)	2	0	328578	122272	16	16
(11, 6, 10)	1	0	161919	169128	11	10
(7, 8, 10)	2	0	154955	31531	12	12
(8, 7, 10)	2	0	249100	714978	23	23
(7, 9, 10)	0	0	996904	969369	94	93
(9, 7, 10)	2	0	543073	494923	11	11
(7, 10, 10)	2	0	251049	491912	15	15
(10, 7, 10)	1	0	531146	228628	16	15
(7, 11, 10)	2	0	453459	127696	16	16
(11, 7, 10)	2	0	364301	581808	16	16
(8, 9, 10)	1	0	378806	802103	29	28
(9, 8, 10)	1	0	829876	685722	41	40
(8, 10, 10)	2	0	438543	596839	20	20
(10, 8, 10)	1	0	425251	104788	10	9
(8, 11, 10)	2	0	181412	224222	18	18
(11, 8, 10)	1	0	114168	101951	9	8
(9, 10, 10)	2	0	637320	510803	13	13
(10, 9, 10)	1	0	550089	615886	13	12
(9, 11, 10)	2	0	482186	156824	11	11
(11, 9, 10)	1	0	149817	668691	13	12
(10, 11, 10)	1	1	563548	220796	15	14
(11, 10, 10)	2	0	454221	578805	19	19
(0, 1, 11)	1	0	638210	698764	38	37
(1, 0, 11)	2	0	401421	452380	23	23
(0, 2, 11)	1	0	148833	558788	21	20
(2, 0, 11)	2	0	865832	429517	35	35
(0, 3, 11)	1	0	290730	721572	24	23
(3, 0, 11)	0	0	995907	993159	97	97
(0, 4, 11)	1	0	145450	276159	17	16
(4, 0, 11)	2	1	733990	752237	42	42
(0, 5, 11)	1	0	209594	229802	20	19
(5, 0, 11)	2	1	191162	119389	14	14
(0, 6, 11)	1	0	119165	517009	16	15
(6, 0, 11)	2	0	525280	116368	17	17
(0, 7, 11)	1	0	138748	395195	20	19
(7, 0, 11)	2	0	215022	1504	7	7
(0, 8, 11)	1	0	236138	367968	25	24
(8, 0, 11)	2	0	261319	169251	20	20
(0, 9, 11)	1	0	202512	841428	20	19
(9, 0, 11)	2	0	569502	48578	12	12
(0, 10, 11)	2	0	907639	793123	48	48
(10, 0, 11)	1	0	847419	870982	51	50
(0, 11, 11)	1	0	430880	541692	28	27
(11, 0, 11)	1	0	576853	811413	45	44
(1, 2, 11)	0	0	991952	990353	97	97
(2, 1, 11)	1	0	853208	439877	31	30
(1, 3, 11)	1	0	280673	573155	20	19
(3, 1, 11)	2	0	771497	312841	35	35
(1, 4, 11)	1	0	321645	341217	25	24
(4, 1, 11)	2	0	603622	442332	37	37
(1, 5, 11)	2	0	505390	266173	22	22
(5, 1, 11)	2	1	220934	250152	18	18
(1, 6, 11)	1	0	193221	570077	17	16
(6, 1, 11)	2	0	365325	212982	10	10
(1, 7, 11)	1	0	183840	479159	22	21
(7, 1, 11)	2	0	225940	2459	7	7
(1, 8, 11)	1	0	164672	332167	21	20
(8, 1, 11)	2	0	322857	203271	22	22
(1, 9, 11)	1	0	205259	816349	25	24
(9, 1, 11)	2	0	585173	50723	12	12
(1, 10, 11)	2	0	690885	755981	35	35
(10, 1, 11)	1	0	762981	583045	31	30
(1, 11, 11)	1	0	203951	312407	21	20
(11, 1, 11)	2	1	679531	404854	36	36
(2, 3, 11)	1	0	394880	376170	17	16
(3, 2, 11)	2	0	671370	664811	26	26
(2, 4, 11)	1	0	432013	231230	17	16
(4, 2, 11)	2	1	736890	868448	40	40
(2, 5, 11)	1	0	413302	167451	19	18
(5, 2, 11)	2	0	181538	560102	18	18
(2, 6, 11)	1	0	396445	564345	17	16
(6, 2, 11)	2	0	317394	256246	10	10
(2, 7, 11)	1	0	440160	404186	19	18
(7, 2, 11)	2	0	211171	319	7	7
(2, 8, 11)	1	0	451764	264283	14	13
(8, 2, 11)	2	0	391282	590756	22	22
(2, 9, 11)	1	0	463477	815141	21	20
(9, 2, 11)	2	0	625180	229023	14	14
(2, 10, 11)	2	1	958455	770588	37	37
(10, 2, 11)	1	0	701496	822860	31	30
(2, 11, 11)	0	0	990320	869660	97	97
(11, 2, 11)	2	1	826175	977449	47	47
(3, 4, 11)	2	0	384309	386555	22	22
(4, 3, 11)	1	0	291342	321258	19	18
(3, 5, 11)	0	0	999368	753437	97	97
(5, 3, 11)	2	0	181584	425161	18	18
(3, 6, 11)	2	0	718982	663868	25	25
(6, 3, 11)	1	0	369545	279550	13	12
(3, 7, 11)	1	0	498215	625798	26	25
(7, 3, 11)	2	0	265480	24453	7	7
(3, 8, 11)	1	0	504315	395557	23	22
(8, 3, 11)	2	0	427917	732182	34	34
(3, 9, 11)	1	0	484423	808126	22	21
(9, 3, 11)	2	0	623795	231000	14	14
(3, 10, 11)	2	1	628172	650040	21	21
(10, 3, 11)	1	0	613136	448795	18	17
(3, 11, 11)	1	0	333665	297711	20	19
(11, 3, 11)	1	0	225163	399454	17	16
(4, 5, 11)	1	0	271179	184742	16	15
(5, 4, 11)	2	0	179354	354745	18	18
(4, 6, 11)	1	0	275787	507112	16	15
(6, 4, 11)	2	0	300491	206434	10	10
(4, 7, 11)	1	0	276576	442925	25	24
(7, 4, 11)	2	0	222310	13189	7	7
(4, 8, 11)	1	0	434540	280773	25	24
(8, 4, 11)	2	0	258003	223662	26	26
(4, 9, 11)	1	0	401498	781105	18	17
(9, 4, 11)	2	0	669916	146446	16	16
(4, 10, 11)	2	0	697306	732222	35	35
(10, 4, 11)	1	0	617481	265719	19	18
(4, 11, 11)	2	0	593701	428001	31	31
(11, 4, 11)	1	0	492779	638764	32	31
(5, 6, 11)	1	0	273853	750816	38	37
(6, 5, 11)	2	0	601250	117600	16	16
(5, 7, 11)	0	0	741169	999708	97	97
(7, 5, 11)	2	0	208026	23048	7	7
(5, 8, 11)	1	0	216938	369706	24	23
(8, 5, 11)	2	0	328661	183332	22	22
(5, 9, 11)	1	0	232682	807014	27	26
(9, 5, 11)	2	0	615683	37810	14	14
(5, 10, 11)	2	0	280756	637183	24	24
(10, 5, 11)	1	0	588672	164507	17	16
(5, 11, 11)	2	0	197216	257608	20	20
(11, 5, 11)	1	0	167611	169968	20	19
(6, 7, 11)	1	0	339408	283736	15	14
(7, 6, 11)	2	0	443725	529532	20	20
(6, 8, 11)	1	0	265784	144715	9	8
(8, 6, 11)	2	0	256864	526341	16	16
(6, 9, 11)	1	0	578476	686112	17	16
(9, 6, 11)	2	0	645483	544901	17	17
(6, 10, 11)	2	0	493571	505505	13	13
(10, 6, 11)	1	0	596966	561548	17	16
(6, 11, 11)	2	1	388508	97115	22	22
(11, 6, 11)	1	0	214075	499965	16	15
(7, 8, 11)	2	0	223604	76886	7	7
(8, 7, 11)	2	0	275131	515878	15	15
(7, 9, 11)	1	0	564378	534332	15	14
(9, 7, 11)	1	0	522161	561179	23	22
(7, 10, 11)	2	0	209082	318318	8	8
(10, 7, 11)	1	0	602939	558544	21	20
(7, 11, 11)	2	0	210530	988	7	7
(11, 7, 11)	1	0	131310	412654	19	18
(8, 9, 11)	2	0	571418	860684	35	35
(9, 8, 11)	2	0	855858	383597	26	26
(8, 10, 11)	2	4	408622	637481	18	18
(10, 8, 11)	1	0	604822	273954	18	17
(8, 11, 11)	2	0	407854	321834	21	21
(11, 8, 11)	1	0	292162	327753	21	20
(9, 10, 11)	2	0	638264	483129	12	12
(10, 9, 11)	1	0	674233	801180	25	24
(9, 11, 11)	2	0	632598	63372	13	13
(11, 9, 11)	1	0	222855	812276	21	20
(10, 11, 11)	0	0	945175	958432	97	97
(11, 10, 11)	2	0	905099	863380	52	52
