                 8#E 0#Y 10# 1#W 3#S 2#R 4#G 9#P 5#C 6#X 7#P
8#EMBRYO19.R         923 999 9991000100010001000100010001000
0#YIXIN18         76     999 999 999 99910001000100010001000
10#WULIN           0   0     967 989 992 9991000100010001000
1#WHOSE19          0   0  32     682 725 999 999 99910001000
3#SLOWRENJU19      0   0  10 317     549 999 999 99910001000
2#RENJUSOLVER.R    0   0   7 274 450     999 999 99910001000
4#GOFIVE           0   0   0   0   0   0     963 987 999 999
9#PENTAZEN         0   0   0   0   0   0  36     680 999 999
5#CARBON17         0   0   0   0   0   0  12 319     999 999
6#XL               0   0   0   0   0   0   0   0   0     732
7#PELA17           0   0   0   0   0   0   0   0   0 267    
