(0, 1, 0)	1	0	307307	522583	27	26
(1, 0, 0)	2	1	298236	284663	24	24
(0, 2, 0)	1	0	276505	169636	16	15
(2, 0, 0)	2	0	381121	398111	30	30
(0, 3, 0)	1	0	69186	208931	21	20
(3, 0, 0)	2	0	510509	79307	17	17
(0, 4, 0)	1	0	79546	253786	12	11
(4, 0, 0)	2	0	350527	253342	14	14
(0, 5, 0)	1	0	69997	271350	17	16
(5, 0, 0)	2	0	157271	44997	12	12
(0, 6, 0)	1	0	208354	324681	21	20
(6, 0, 0)	2	0	308045	191294	15	15
(0, 7, 0)	1	0	129238	457723	13	12
(7, 0, 0)	2	0	561339	7316	15	15
(0, 8, 0)	2	0	318899	160600	17	17
(8, 0, 0)	2	0	880970	544262	55	55
(0, 9, 0)	1	0	167200	367845	18	17
(9, 0, 0)	2	0	480365	182141	21	21
(0, 10, 0)	1	0	68075	121973	15	14
(10, 0, 0)	0	0	997317	990671	96	96
(1, 2, 0)	2	0	548770	222133	31	31
(2, 1, 0)	1	0	233794	578690	26	25
(1, 3, 0)	2	0	547315	689637	33	33
(3, 1, 0)	2	1	379840	212251	12	12
(1, 4, 0)	1	0	553156	649262	26	25
(4, 1, 0)	1	0	578085	430872	25	24
(1, 5, 0)	1	0	379000	582749	26	25
(5, 1, 0)	2	1	323273	171737	13	13
(1, 6, 0)	1	0	386928	268794	21	20
(6, 1, 0)	2	1	245033	202436	9	9
(1, 7, 0)	1	0	162943	513301	14	13
(7, 1, 0)	2	0	421101	38285	7	7
(1, 8, 0)	2	1	355797	158107	23	23
(8, 1, 0)	1	0	230868	323630	18	17
(1, 9, 0)	1	0	589699	873413	45	44
(9, 1, 0)	2	0	529248	324730	21	21
(1, 10, 0)	2	1	333637	388712	26	26
(10, 1, 0)	2	0	164976	172625	18	18
(2, 3, 0)	2	1	509887	840779	38	38
(3, 2, 0)	2	0	398169	75366	20	20
(2, 4, 0)	1	0	183629	568053	18	17
(4, 2, 0)	2	0	528032	115154	15	15
(2, 5, 0)	0	0	720498	998615	96	96
(5, 2, 0)	1	0	655127	110786	20	19
(2, 6, 0)	2	1	124965	260639	12	12
(6, 2, 0)	2	0	298269	90780	15	15
(2, 7, 0)	1	0	58160	513722	13	12
(7, 2, 0)	2	0	563046	18198	15	15
(2, 8, 0)	2	0	246722	152734	21	21
(8, 2, 0)	1	0	326641	256831	26	25
(2, 9, 0)	1	0	165940	395924	18	17
(9, 2, 0)	2	0	556834	145402	22	22
(2, 10, 0)	2	0	391493	609478	32	32
(10, 2, 0)	1	0	239360	87582	21	20
(3, 4, 0)	1	0	675505	847518	30	29
(4, 3, 0)	2	1	694566	701752	28	28
(3, 5, 0)	1	0	604513	625153	22	21
(5, 3, 0)	2	0	342289	211785	13	13
(3, 6, 0)	1	0	549192	429890	25	24
(6, 3, 0)	2	0	278896	282059	15	15
(3, 7, 0)	1	0	605595	776780	22	21
(7, 3, 0)	2	0	420987	56535	7	7
(3, 8, 0)	2	0	330957	68443	16	16
(8, 3, 0)	1	0	176973	390106	15	14
(3, 9, 0)	2	0	667617	706794	36	36
(9, 3, 0)	2	0	559808	277762	24	24
(3, 10, 0)	2	0	831181	736851	39	39
(10, 3, 0)	2	0	407018	411287	22	22
(4, 5, 0)	2	1	791192	832870	38	38
(5, 4, 0)	1	0	364833	347502	11	10
(4, 6, 0)	1	0	339025	224785	17	16
(6, 4, 0)	2	0	283683	467205	16	16
(4, 7, 0)	1	0	652384	859813	22	21
(7, 4, 0)	2	0	420738	190586	7	7
(4, 8, 0)	2	0	524586	185196	16	16
(8, 4, 0)	1	0	159055	419131	18	17
(4, 9, 0)	1	0	360855	220145	15	14
(9, 4, 0)	1	0	475148	448352	23	22
(4, 10, 0)	2	1	484018	182986	13	13
(10, 4, 0)	1	0	178719	346286	11	10
(5, 6, 0)	2	0	338987	91842	13	13
(6, 5, 0)	1	0	320945	523568	22	21
(5, 7, 0)	2	0	908963	883916	38	38
(7, 5, 0)	2	0	950687	903993	33	33
(5, 8, 0)	2	0	354233	37269	16	16
(8, 5, 0)	1	0	108814	352193	15	14
(5, 9, 0)	1	0	874887	670194	37	36
(9, 5, 0)	2	0	858181	793665	33	33
(5, 10, 0)	2	0	337774	124333	13	13
(10, 5, 0)	1	0	380293	554620	24	23
(6, 7, 0)	2	3	881202	983925	89	88
(7, 6, 0)	2	0	572304	217128	13	13
(6, 8, 0)	2	0	268419	75398	13	13
(8, 6, 0)	1	0	68001	119282	10	9
(6, 9, 0)	2	1	337833	147930	18	18
(9, 6, 0)	1	4	767214	478351	27	26
(6, 10, 0)	2	1	364831	197295	15	15
(10, 6, 0)	1	0	164407	207900	15	14
(7, 8, 0)	2	0	466764	16015	10	10
(8, 7, 0)	1	0	183240	731349	22	21
(7, 9, 0)	2	0	905859	862203	30	30
(9, 7, 0)	2	0	904829	909298	42	42
(7, 10, 0)	2	0	562487	34546	15	15
(10, 7, 0)	1	0	91752	528373	10	9
(8, 9, 0)	1	0	347727	542427	23	22
(9, 8, 0)	2	0	376058	185683	19	19
(8, 10, 0)	1	0	267534	364942	23	22
(10, 8, 0)	2	0	217884	38417	16	16
(9, 10, 0)	2	0	577750	392614	22	22
(10, 9, 0)	1	0	351338	642119	25	24
(0, 1, 1)	1	0	169422	76741	15	14
(1, 0, 1)	2	0	454961	262013	23	23
(0, 2, 1)	1	0	133087	121473	14	13
(2, 0, 1)	2	0	398744	526636	38	38
(0, 3, 1)	1	0	55866	234483	10	9
(3, 0, 1)	2	0	467858	99700	18	18
(0, 4, 1)	1	0	198747	512399	21	20
(4, 0, 1)	2	0	210479	50942	8	8
(0, 5, 1)	1	0	38702	291990	17	16
(5, 0, 1)	2	0	499429	167751	21	21
(0, 6, 1)	1	0	104391	238319	15	14
(6, 0, 1)	2	0	270858	149077	18	18
(0, 7, 1)	1	0	47162	335482	7	6
(7, 0, 1)	2	0	814025	244436	21	21
(0, 8, 1)	2	0	65764	103304	17	17
(8, 0, 1)	1	0	232289	420172	22	21
(0, 9, 1)	1	0	76873	105345	11	10
(9, 0, 1)	2	0	440487	209404	23	23
(0, 10, 1)	1	0	170874	330580	24	23
(10, 0, 1)	2	0	273443	104702	20	20
(1, 2, 1)	1	1	996089	816750	95	94
(2, 1, 1)	1	0	356987	793262	44	43
(1, 3, 1)	1	0	550993	537802	29	28
(3, 1, 1)	1	0	516928	301609	25	24
(1, 4, 1)	1	0	399996	661137	19	18
(4, 1, 1)	1	0	596604	369092	32	31
(1, 5, 1)	1	0	355796	446873	21	20
(5, 1, 1)	2	0	492373	305042	20	20
(1, 6, 1)	1	0	161065	165625	10	9
(6, 1, 1)	2	0	323762	308633	17	17
(1, 7, 1)	1	0	156619	577275	14	13
(7, 1, 1)	2	0	827226	90542	21	21
(1, 8, 1)	2	0	389928	209134	20	20
(8, 1, 1)	1	0	324188	549757	32	31
(1, 9, 1)	1	0	105955	171307	13	12
(9, 1, 1)	2	0	505793	255919	18	18
(1, 10, 1)	2	0	519006	451048	28	28
(10, 1, 1)	1	0	279538	316884	24	23
(2, 3, 1)	1	1	280600	627232	24	23
(3, 2, 1)	1	1	835577	414600	37	36
(2, 4, 1)	1	0	281004	748414	30	29
(4, 2, 1)	2	0	613429	203086	19	19
(2, 5, 1)	1	1	110622	324853	15	14
(5, 2, 1)	2	0	604313	199443	23	23
(2, 6, 1)	1	0	43818	165675	10	9
(6, 2, 1)	2	0	330503	129970	16	16
(2, 7, 1)	1	0	44365	616564	16	15
(7, 2, 1)	2	0	766531	216383	26	26
(2, 8, 1)	2	0	323856	296377	24	24
(8, 2, 1)	1	0	94536	117031	15	14
(2, 9, 1)	1	0	38710	171374	13	12
(9, 2, 1)	2	0	535601	146680	17	17
(2, 10, 1)	2	0	486756	781095	57	57
(10, 2, 1)	1	0	250943	151434	16	15
(3, 4, 1)	1	0	91119	123081	8	7
(4, 3, 1)	1	1	360211	255832	17	16
(3, 5, 1)	1	0	85479	119821	11	10
(5, 3, 1)	2	0	747656	654259	29	29
(3, 6, 1)	1	0	619165	475941	31	30
(6, 3, 1)	2	0	370552	460866	19	19
(3, 7, 1)	1	0	164657	147743	9	8
(7, 3, 1)	0	0	987287	999081	98	97
(3, 8, 1)	2	0	444426	69743	19	19
(8, 3, 1)	1	0	46350	266079	10	9
(3, 9, 1)	1	0	435512	475182	20	19
(9, 3, 1)	2	0	442969	458371	20	20
(3, 10, 1)	1	0	322127	117676	13	12
(10, 3, 1)	1	0	444309	715930	29	28
(4, 5, 1)	1	1	688756	853740	31	30
(5, 4, 1)	2	0	393806	423695	19	19
(4, 6, 1)	1	0	401388	112266	15	14
(6, 4, 1)	2	0	416140	610018	24	24
(4, 7, 1)	1	0	118784	336515	7	6
(7, 4, 1)	2	0	721368	573388	19	19
(4, 8, 1)	2	0	386158	106157	13	13
(8, 4, 1)	1	0	138044	495646	17	16
(4, 9, 1)	1	0	261902	100832	12	11
(9, 4, 1)	2	0	764530	584697	26	26
(4, 10, 1)	2	0	878813	651762	43	43
(10, 4, 1)	1	0	74016	123320	8	7
(5, 6, 1)	1	0	435660	122157	10	9
(6, 5, 1)	2	0	238461	543960	16	16
(5, 7, 1)	1	0	487578	529433	12	11
(7, 5, 1)	0	0	988940	997746	98	97
(5, 8, 1)	2	0	579801	241818	21	21
(8, 5, 1)	1	0	34912	366587	14	13
(5, 9, 1)	1	0	380455	212855	12	11
(9, 5, 1)	1	1	471632	600702	16	15
(5, 10, 1)	2	0	404822	178410	20	20
(10, 5, 1)	1	1	39038	118779	9	8
(6, 7, 1)	2	0	458643	746049	28	28
(7, 6, 1)	1	0	859948	631216	34	33
(6, 8, 1)	2	0	239193	200228	17	17
(8, 6, 1)	1	0	54796	236287	15	14
(6, 9, 1)	2	0	216741	269688	20	20
(9, 6, 1)	1	1	191558	165627	10	9
(6, 10, 1)	2	0	294484	249103	15	15
(10, 6, 1)	1	0	408711	320727	21	20
(7, 8, 1)	2	0	389505	84722	10	10
(8, 7, 1)	1	0	35012	390657	8	7
(7, 9, 1)	2	0	654363	241629	16	16
(9, 7, 1)	1	0	660534	587649	28	27
(7, 10, 1)	2	0	960087	560501	36	36
(10, 7, 1)	1	0	125817	147699	9	8
(8, 9, 1)	1	0	80586	103408	14	13
(9, 8, 1)	2	0	468377	175277	17	17
(8, 10, 1)	1	0	307770	507406	27	26
(10, 8, 1)	2	0	265500	69419	20	20
(9, 10, 1)	2	0	826503	526004	32	32
(10, 9, 1)	1	0	226501	474465	20	19
(0, 1, 2)	1	0	182462	212639	22	21
(1, 0, 2)	2	1	621934	439277	29	29
(0, 2, 2)	1	0	107035	138232	16	15
(2, 0, 2)	2	0	166411	176132	22	22
(0, 3, 2)	1	0	122084	285058	18	17
(3, 0, 2)	2	1	836924	502244	37	37
(0, 4, 2)	1	0	141678	521456	19	18
(4, 0, 2)	2	1	703535	435061	31	31
(0, 5, 2)	1	0	325547	664231	25	24
(5, 0, 2)	2	0	291023	69266	15	15
(0, 6, 2)	1	0	176100	151718	13	12
(6, 0, 2)	2	0	448293	276075	26	26
(0, 7, 2)	1	0	208707	549813	15	14
(7, 0, 2)	2	0	513685	16983	8	8
(0, 8, 2)	1	0	164395	351741	20	19
(8, 0, 2)	1	0	68711	120876	10	9
(0, 9, 2)	1	0	97485	404534	21	20
(9, 0, 2)	2	1	326293	105811	18	18
(0, 10, 2)	2	0	569584	584383	26	26
(10, 0, 2)	2	0	274267	164599	19	19
(1, 2, 2)	1	0	232193	153145	15	14
(2, 1, 2)	2	0	167575	246549	14	14
(1, 3, 2)	1	0	247514	316756	15	14
(3, 1, 2)	1	0	660318	652937	32	31
(1, 4, 2)	1	0	210870	404706	20	19
(4, 1, 2)	1	0	566943	339324	22	21
(1, 5, 2)	1	0	193883	241723	17	16
(5, 1, 2)	2	0	433509	130540	20	20
(1, 6, 2)	1	0	209007	183175	13	12
(6, 1, 2)	2	0	311122	230777	14	14
(1, 7, 2)	1	0	209847	644673	16	15
(7, 1, 2)	2	0	514183	88040	8	8
(1, 8, 2)	2	1	410278	250296	23	23
(8, 1, 2)	1	0	249087	256492	20	19
(1, 9, 2)	1	0	193885	226788	17	16
(9, 1, 2)	2	0	427238	252331	19	19
(1, 10, 2)	2	0	508653	442304	27	27
(10, 1, 2)	2	0	477701	470549	32	32
(2, 3, 2)	1	0	74717	340886	13	12
(3, 2, 2)	1	0	496450	172990	18	17
(2, 4, 2)	1	0	74013	410989	11	10
(4, 2, 2)	2	0	459322	202369	17	17
(2, 5, 2)	1	0	57555	308943	13	12
(5, 2, 2)	2	0	293024	38242	14	14
(2, 6, 2)	1	0	92661	212295	13	12
(6, 2, 2)	2	0	333249	116432	15	15
(2, 7, 2)	1	0	164279	696108	23	22
(7, 2, 2)	2	0	502754	34720	9	9
(2, 8, 2)	2	1	220961	309057	22	22
(8, 2, 2)	1	0	122623	137915	15	14
(2, 9, 2)	1	0	94264	185594	12	11
(9, 2, 2)	2	1	844581	319688	27	27
(2, 10, 2)	1	0	75723	240829	23	22
(10, 2, 2)	1	0	399978	258691	23	22
(3, 4, 2)	1	0	420070	563540	23	22
(4, 3, 2)	2	0	839652	790098	35	35
(3, 5, 2)	1	0	419246	409605	21	20
(5, 3, 2)	2	1	213767	92390	9	9
(3, 6, 2)	1	0	336336	291208	16	15
(6, 3, 2)	2	0	490475	529536	25	25
(3, 7, 2)	1	0	179121	408897	11	10
(7, 3, 2)	2	0	724934	259323	20	20
(3, 8, 2)	0	0	996565	991631	96	96
(8, 3, 2)	1	0	68935	301130	14	13
(3, 9, 2)	2	0	508183	479488	21	21
(9, 3, 2)	2	1	285341	358858	18	18
(3, 10, 2)	2	0	569669	377104	21	21
(10, 3, 2)	2	0	276479	294148	17	17
(4, 5, 2)	2	0	645786	556945	19	19
(5, 4, 2)	2	1	213637	173782	9	9
(4, 6, 2)	1	0	550296	349460	18	17
(6, 4, 2)	2	0	359828	510031	21	21
(4, 7, 2)	1	0	437340	630463	17	16
(7, 4, 2)	2	0	459619	256306	8	8
(4, 8, 2)	2	0	771931	318571	31	31
(8, 4, 2)	1	0	68505	349074	13	12
(4, 9, 2)	1	0	306414	151363	11	10
(9, 4, 2)	2	0	873572	834686	38	38
(4, 10, 2)	2	0	786344	419181	27	27
(10, 4, 2)	2	0	174880	409718	15	15
(5, 6, 2)	2	0	550406	340995	28	28
(6, 5, 2)	2	0	492075	766403	28	28
(5, 7, 2)	1	0	415822	401787	11	10
(7, 5, 2)	2	0	535593	500141	12	12
(5, 8, 2)	2	0	248035	40011	15	15
(8, 5, 2)	1	0	222662	508415	16	15
(5, 9, 2)	2	0	463121	375221	20	20
(9, 5, 2)	2	3	408536	629407	22	21
(5, 10, 2)	2	1	213565	79455	9	9
(10, 5, 2)	1	0	193624	418103	17	16
(6, 7, 2)	2	0	736493	961777	53	53
(7, 6, 2)	2	0	508927	120088	9	9
(6, 8, 2)	2	0	487354	264290	26	26
(8, 6, 2)	1	0	200446	216564	13	12
(6, 9, 2)	2	0	619399	720466	38	38
(9, 6, 2)	1	0	456645	410119	29	28
(6, 10, 2)	2	0	563355	492855	28	28
(10, 6, 2)	1	0	290715	331158	20	19
(7, 8, 2)	2	0	514227	23821	8	8
(8, 7, 2)	1	0	105422	685106	15	14
(7, 9, 2)	2	0	723156	250725	15	15
(9, 7, 2)	1	0	882692	850163	29	28
(7, 10, 2)	2	0	747293	164250	17	17
(10, 7, 2)	1	0	178796	670164	18	17
(8, 9, 2)	1	0	122713	150726	11	10
(9, 8, 2)	2	1	362282	243857	17	17
(8, 10, 2)	1	0	69622	179576	14	13
(10, 8, 2)	2	1	496771	310804	26	26
(9, 10, 2)	2	0	801712	448213	27	27
(10, 9, 2)	1	0	180393	324594	22	21
(0, 1, 3)	1	0	314349	679029	31	30
(1, 0, 3)	2	0	690555	387148	35	35
(0, 2, 3)	1	0	287932	265501	28	27
(2, 0, 3)	0	0	766605	995168	98	97
(0, 3, 3)	1	1	27424	125853	12	11
(3, 0, 3)	2	0	322134	87824	17	17
(0, 4, 3)	1	0	237681	624552	23	22
(4, 0, 3)	2	0	600111	441138	25	25
(0, 5, 3)	1	0	281326	413767	18	17
(5, 0, 3)	2	0	469553	87661	19	19
(0, 6, 3)	1	0	195484	315026	15	14
(6, 0, 3)	2	0	219537	44642	12	12
(0, 7, 3)	1	0	206142	666664	17	16
(7, 0, 3)	2	0	415283	89170	9	9
(0, 8, 3)	1	0	846909	938793	65	64
(8, 0, 3)	1	0	272967	266179	21	20
(0, 9, 3)	1	1	27157	197768	12	11
(9, 0, 3)	2	0	211780	85520	18	18
(0, 10, 3)	1	0	27455	103486	15	14
(10, 0, 3)	2	0	270953	220073	16	16
(1, 2, 3)	1	0	578874	297442	30	29
(2, 1, 3)	1	0	236197	399346	26	25
(1, 3, 3)	1	1	309735	239947	12	11
(3, 1, 3)	2	0	878183	809788	45	45
(1, 4, 3)	1	0	707596	849449	36	35
(4, 1, 3)	2	0	798266	465643	25	25
(1, 5, 3)	1	1	328250	551977	18	17
(5, 1, 3)	2	0	603170	315405	25	25
(1, 6, 3)	1	0	158195	163475	11	10
(6, 1, 3)	2	0	232312	149390	12	12
(1, 7, 3)	1	0	408671	820511	18	17
(7, 1, 3)	2	0	822778	337420	21	21
(1, 8, 3)	2	0	292760	146622	18	18
(8, 1, 3)	1	0	287674	496196	27	26
(1, 9, 3)	1	1	145594	181627	12	11
(9, 1, 3)	2	0	441544	263205	19	19
(1, 10, 3)	1	0	161607	104824	15	14
(10, 1, 3)	1	0	773400	766083	45	44
(2, 3, 3)	1	0	40163	124109	10	9
(3, 2, 3)	0	0	998542	834682	98	97
(2, 4, 3)	1	0	298760	785157	34	33
(4, 2, 3)	2	0	883362	353655	35	35
(2, 5, 3)	1	0	218944	491851	23	22
(5, 2, 3)	2	0	513871	149774	20	20
(2, 6, 3)	1	0	77120	168679	11	10
(6, 2, 3)	2	0	220424	78173	12	12
(2, 7, 3)	1	0	184515	798090	19	18
(7, 2, 3)	2	0	639726	77489	13	13
(2, 8, 3)	2	0	236108	349470	21	21
(8, 2, 3)	1	0	320504	262340	25	24
(2, 9, 3)	1	1	40250	258532	13	12
(9, 2, 3)	2	0	596905	200129	25	25
(2, 10, 3)	1	0	39952	103193	12	11
(10, 2, 3)	1	0	821247	534135	53	52
(3, 4, 3)	1	0	435500	594661	18	17
(4, 3, 3)	0	0	990088	997601	98	97
(3, 5, 3)	1	0	358071	404881	17	16
(5, 3, 3)	2	0	508539	298639	18	18
(3, 6, 3)	2	0	319268	154539	13	13
(6, 3, 3)	2	0	194359	335863	18	18
(3, 7, 3)	1	0	617241	759205	22	21
(7, 3, 3)	2	0	406735	124921	9	9
(3, 8, 3)	2	0	406441	145315	19	19
(8, 3, 3)	1	1	35905	125130	11	10
(3, 9, 3)	1	0	605549	686895	27	26
(9, 3, 3)	1	0	230062	124380	12	11
(3, 10, 3)	1	0	197378	103874	15	14
(10, 3, 3)	1	0	62153	125342	10	9
(4, 5, 3)	1	0	550345	484218	21	20
(5, 4, 3)	1	0	652896	508313	19	18
(4, 6, 3)	1	0	404724	217947	10	9
(6, 4, 3)	2	0	287027	598053	16	16
(4, 7, 3)	1	0	454604	487553	14	13
(7, 4, 3)	2	0	625005	339898	13	13
(4, 8, 3)	2	0	522221	196851	18	18
(8, 4, 3)	1	0	328625	684459	27	26
(4, 9, 3)	1	0	543773	424087	19	18
(9, 4, 3)	2	0	494807	582764	21	21
(4, 10, 3)	2	0	596360	325518	21	21
(10, 4, 3)	1	0	588308	775315	35	34
(5, 6, 3)	1	0	386868	163649	11	10
(6, 5, 3)	1	0	279027	520151	24	23
(5, 7, 3)	1	0	456531	491681	12	11
(7, 5, 3)	2	0	571607	429449	11	11
(5, 8, 3)	2	0	522557	183895	21	21
(8, 5, 3)	1	0	329396	609613	22	21
(5, 9, 3)	1	3	575841	209151	23	23
(9, 5, 3)	1	1	246696	392937	15	14
(5, 10, 3)	2	0	558058	153883	22	22
(10, 5, 3)	1	0	267637	466167	19	18
(6, 7, 3)	1	0	276075	612177	20	19
(7, 6, 3)	2	0	501212	102229	9	9
(6, 8, 3)	2	0	233110	62118	12	12
(8, 6, 3)	1	0	207081	314907	16	15
(6, 9, 3)	1	1	236273	324109	13	12
(9, 6, 3)	1	0	498288	462825	27	26
(6, 10, 3)	2	0	160826	145544	15	15
(10, 6, 3)	1	1	315612	310451	13	12
(7, 8, 3)	2	0	631194	97178	13	13
(8, 7, 3)	1	1	355619	884912	23	22
(7, 9, 3)	2	0	693446	167834	15	15
(9, 7, 3)	1	0	385483	486333	25	24
(7, 10, 3)	2	0	635712	261967	14	14
(10, 7, 3)	1	0	657649	934054	40	39
(8, 9, 3)	1	1	36313	207955	12	11
(9, 8, 3)	2	0	350746	191056	17	17
(8, 10, 3)	1	0	36556	105079	15	14
(10, 8, 3)	2	0	348817	143385	17	17
(9, 10, 3)	1	0	229567	103110	15	14
(10, 9, 3)	1	1	61869	180570	12	11
(0, 1, 4)	1	0	225982	399241	24	23
(1, 0, 4)	2	0	315213	170839	17	17
(0, 2, 4)	1	0	216635	199033	20	19
(2, 0, 4)	2	0	143902	70282	21	21
(0, 3, 4)	1	0	410153	691834	26	25
(3, 0, 4)	2	0	415284	150022	16	16
(0, 4, 4)	1	0	113118	319568	14	13
(4, 0, 4)	2	0	349584	83674	10	10
(0, 5, 4)	1	1	82068	208141	17	16
(5, 0, 4)	2	0	387245	152120	17	17
(0, 6, 4)	1	0	184041	427004	20	19
(6, 0, 4)	2	0	349288	306336	22	22
(0, 7, 4)	1	0	58061	661331	21	20
(7, 0, 4)	2	0	463635	54450	13	13
(0, 8, 4)	1	0	542904	847320	51	50
(8, 0, 4)	1	0	731284	781510	48	47
(0, 9, 4)	1	0	583294	719172	30	29
(9, 0, 4)	2	0	248657	23457	13	13
(0, 10, 4)	1	0	110814	109776	12	11
(10, 0, 4)	1	0	530892	626469	25	24
(1, 2, 4)	1	0	376800	279131	29	28
(2, 1, 4)	2	0	176155	218909	20	20
(1, 3, 4)	1	0	264800	441858	13	12
(3, 1, 4)	1	0	645902	761832	45	44
(1, 4, 4)	1	0	306185	489135	15	14
(4, 1, 4)	2	0	424322	163167	11	11
(1, 5, 4)	1	0	203845	347920	16	15
(5, 1, 4)	2	0	486952	237231	18	18
(1, 6, 4)	1	0	578489	482334	29	28
(6, 1, 4)	2	0	334938	566995	27	27
(1, 7, 4)	1	0	89208	354998	10	9
(7, 1, 4)	1	0	734832	273493	27	26
(1, 8, 4)	2	0	246040	195556	20	20
(8, 1, 4)	1	0	385887	624937	33	32
(1, 9, 4)	1	1	191407	262646	9	8
(9, 1, 4)	2	0	238084	173832	13	13
(1, 10, 4)	1	1	267967	275790	15	14
(10, 1, 4)	1	0	275368	475806	29	28
(2, 3, 4)	1	0	215440	499035	22	21
(3, 2, 4)	2	0	895496	519208	47	47
(2, 4, 4)	1	0	129974	565757	14	13
(4, 2, 4)	1	0	590542	247692	20	19
(2, 5, 4)	2	0	233758	693133	20	20
(5, 2, 4)	1	0	658430	259772	21	20
(2, 6, 4)	1	0	275169	457822	29	28
(6, 2, 4)	2	0	163772	38823	11	11
(2, 7, 4)	1	0	197115	679725	14	13
(7, 2, 4)	2	0	362105	21604	11	11
(2, 8, 4)	2	0	165603	89500	14	14
(8, 2, 4)	1	0	128089	183382	22	21
(2, 9, 4)	1	0	110799	237684	16	15
(9, 2, 4)	2	0	381135	108482	15	15
(2, 10, 4)	1	0	130284	141490	22	21
(10, 2, 4)	2	0	188648	100534	10	10
(3, 4, 4)	1	0	559105	627518	23	22
(4, 3, 4)	2	0	713209	553487	26	26
(3, 5, 4)	1	0	349874	437888	18	17
(5, 3, 4)	2	0	303302	302738	16	16
(3, 6, 4)	1	0	482209	370551	23	22
(6, 3, 4)	2	0	454362	549115	23	23
(3, 7, 4)	1	0	209195	661599	14	13
(7, 3, 4)	2	0	865107	696109	24	24
(3, 8, 4)	2	0	722643	382733	25	25
(8, 3, 4)	1	0	94284	409950	19	18
(3, 9, 4)	1	0	547423	396916	21	20
(9, 3, 4)	2	0	227388	44878	13	13
(3, 10, 4)	2	0	160052	124282	13	13
(10, 3, 4)	1	0	644394	909175	38	37
(4, 5, 4)	2	0	673105	737186	29	29
(5, 4, 4)	1	0	860089	688580	28	27
(4, 6, 4)	1	0	689306	496914	29	28
(6, 4, 4)	2	0	251612	347928	14	14
(4, 7, 4)	1	0	352434	480621	12	11
(7, 4, 4)	2	0	361650	301551	11	11
(4, 8, 4)	2	0	573722	228723	21	21
(8, 4, 4)	1	0	139609	487149	15	14
(4, 9, 4)	2	0	532067	356191	25	25
(9, 4, 4)	2	0	259372	246517	13	13
(4, 10, 4)	2	0	544896	237797	16	16
(10, 4, 4)	1	0	558876	910719	43	42
(5, 6, 4)	1	0	745783	344529	28	27
(6, 5, 4)	2	0	217175	537632	13	13
(5, 7, 4)	1	0	427264	386319	9	8
(7, 5, 4)	2	0	493800	492631	13	13
(5, 8, 4)	2	0	532122	203548	20	20
(8, 5, 4)	1	0	80572	348165	17	16
(5, 9, 4)	2	0	477268	319433	21	21
(9, 5, 4)	2	0	770229	678420	27	27
(5, 10, 4)	2	0	367339	184946	19	19
(10, 5, 4)	1	1	363300	791886	22	21
(6, 7, 4)	1	0	186429	636738	13	12
(7, 6, 4)	1	0	928124	710888	49	48
(6, 8, 4)	2	0	278243	191757	16	16
(8, 6, 4)	1	0	228918	388301	23	22
(6, 9, 4)	2	0	390346	393964	19	19
(9, 6, 4)	2	0	357596	212571	13	13
(6, 10, 4)	2	0	167704	144824	16	16
(10, 6, 4)	1	0	308222	331743	24	23
(7, 8, 4)	2	0	839459	232120	22	22
(8, 7, 4)	1	0	58874	439209	9	8
(7, 9, 4)	0	0	990869	959405	98	97
(9, 7, 4)	1	0	291056	565061	12	11
(7, 10, 4)	2	0	385727	69011	11	11
(10, 7, 4)	1	0	374811	656236	20	19
(8, 9, 4)	1	0	96737	455820	21	20
(9, 8, 4)	2	0	345342	86875	14	14
(8, 10, 4)	1	0	92980	180475	20	19
(10, 8, 4)	2	0	159285	68940	13	13
(9, 10, 4)	2	0	284592	64354	13	13
(10, 9, 4)	1	0	570639	606871	22	21
(0, 1, 5)	1	0	269602	389439	22	21
(1, 0, 5)	2	0	378841	233675	21	21
(0, 2, 5)	1	0	525204	382493	30	29
(2, 0, 5)	2	0	185891	133814	18	18
(0, 3, 5)	1	0	348428	561449	25	24
(3, 0, 5)	2	0	584811	219092	26	26
(0, 4, 5)	1	1	101552	400911	14	13
(4, 0, 5)	2	0	637783	231673	21	21
(0, 5, 5)	1	0	133048	393880	17	16
(5, 0, 5)	2	0	334802	149049	15	15
(0, 6, 5)	1	0	312101	464936	22	21
(6, 0, 5)	2	0	168873	22387	11	11
(0, 7, 5)	1	0	36641	461227	9	8
(7, 0, 5)	2	0	753932	254207	20	20
(0, 8, 5)	2	0	213524	213805	22	22
(8, 0, 5)	2	0	499554	365026	35	35
(0, 9, 5)	1	1	79046	206283	9	8
(9, 0, 5)	2	0	238299	34193	11	11
(0, 10, 5)	2	0	285468	269590	17	17
(10, 0, 5)	2	0	232707	274915	28	28
(1, 2, 5)	2	0	398229	178107	21	21
(2, 1, 5)	2	0	143811	225252	15	15
(1, 3, 5)	2	0	422577	488198	23	23
(3, 1, 5)	1	0	811683	745427	41	40
(1, 4, 5)	2	0	169948	309693	17	17
(4, 1, 5)	2	0	363159	189536	10	10
(1, 5, 5)	2	0	329524	587415	20	20
(5, 1, 5)	2	0	240917	127178	16	16
(1, 6, 5)	1	1	112297	138841	9	8
(6, 1, 5)	2	0	125232	27542	8	8
(1, 7, 5)	1	0	96525	385162	8	7
(7, 1, 5)	2	0	515596	127046	12	12
(1, 8, 5)	2	0	295496	79076	18	18
(8, 1, 5)	1	0	477702	619119	33	32
(1, 9, 5)	1	1	145399	234653	10	9
(9, 1, 5)	2	0	224222	110031	12	12
(1, 10, 5)	2	0	334468	184928	19	19
(10, 1, 5)	2	0	118922	201396	16	16
(2, 3, 5)	1	0	111248	387920	15	14
(3, 2, 5)	1	1	932099	602174	48	47
(2, 4, 5)	1	1	114429	592122	16	15
(4, 2, 5)	1	0	512964	178588	18	17
(2, 5, 5)	1	1	112055	403928	8	7
(5, 2, 5)	2	0	739381	234989	28	28
(2, 6, 5)	1	0	167664	349299	24	23
(6, 2, 5)	2	0	181763	86884	14	14
(2, 7, 5)	1	0	35427	244253	7	6
(7, 2, 5)	1	0	889860	485644	41	40
(2, 8, 5)	2	0	182451	101576	17	17
(8, 2, 5)	0	0	994391	757917	98	97
(2, 9, 5)	1	0	296270	725336	28	27
(9, 2, 5)	1	0	744151	310019	30	29
(2, 10, 5)	2	0	128855	118486	14	14
(10, 2, 5)	2	0	111352	52334	15	15
(3, 4, 5)	1	0	765015	920548	40	39
(4, 3, 5)	2	0	710800	691631	35	35
(3, 5, 5)	1	1	233670	269560	12	11
(5, 3, 5)	2	0	392352	236381	16	16
(3, 6, 5)	1	0	491692	432327	22	21
(6, 3, 5)	2	0	168503	67737	9	9
(3, 7, 5)	1	0	570727	675148	20	19
(7, 3, 5)	2	0	800976	569692	19	19
(3, 8, 5)	2	0	613802	398595	25	25
(8, 3, 5)	1	1	335524	547361	22	21
(3, 9, 5)	1	3	609351	452881	20	20
(9, 3, 5)	2	0	230959	78763	11	11
(3, 10, 5)	2	0	514147	350022	23	23
(10, 3, 5)	2	0	231163	351952	15	15
(4, 5, 5)	1	0	524984	513630	18	17
(5, 4, 5)	1	0	543953	599640	23	22
(4, 6, 5)	1	0	509017	189870	15	14
(6, 4, 5)	2	0	297124	528496	15	15
(4, 7, 5)	1	0	545482	645324	12	11
(7, 4, 5)	2	0	327151	246766	12	12
(4, 8, 5)	2	0	515191	124100	19	19
(8, 4, 5)	0	0	991475	990980	98	97
(4, 9, 5)	1	0	420458	242762	13	12
(9, 4, 5)	2	0	225833	219889	12	12
(4, 10, 5)	2	0	540896	185592	16	16
(10, 4, 5)	1	0	367152	627232	27	26
(5, 6, 5)	1	0	559954	260133	20	19
(6, 5, 5)	2	0	125001	266469	8	8
(5, 7, 5)	1	0	432988	585435	13	12
(7, 5, 5)	2	0	721204	539970	15	15
(5, 8, 5)	2	0	435069	185380	21	21
(8, 5, 5)	1	0	355918	299945	15	14
(5, 9, 5)	1	0	628354	654703	22	21
(9, 5, 5)	1	1	890636	850712	25	24
(5, 10, 5)	2	0	578706	297807	24	24
(10, 5, 5)	2	0	279697	786124	18	18
(6, 7, 5)	1	1	148226	633256	14	13
(7, 6, 5)	1	0	814060	483018	28	27
(6, 8, 5)	2	0	124508	56848	10	10
(8, 6, 5)	1	0	235481	262414	14	13
(6, 9, 5)	2	0	295192	167898	24	24
(9, 6, 5)	1	3	580758	684594	33	33
(6, 10, 5)	2	0	168999	47195	12	12
(10, 6, 5)	1	0	434112	415515	31	30
(7, 8, 5)	2	0	791243	229181	22	22
(8, 7, 5)	1	0	65744	398598	9	8
(7, 9, 5)	2	0	894927	889084	29	29
(9, 7, 5)	1	0	178465	468824	9	8
(7, 10, 5)	2	0	345100	90471	10	10
(10, 7, 5)	1	0	252006	671308	17	16
(8, 9, 5)	1	0	286583	462951	19	18
(9, 8, 5)	2	0	237971	59487	12	12
(8, 10, 5)	2	0	483229	300556	19	19
(10, 8, 5)	2	0	117358	66928	11	11
(9, 10, 5)	2	0	225362	107703	12	12
(10, 9, 5)	1	0	414863	450337	27	26
(0, 1, 6)	1	0	297871	400908	22	21
(1, 0, 6)	2	1	502291	351462	25	25
(0, 2, 6)	0	0	991399	763129	97	97
(2, 0, 6)	2	1	258820	322043	32	32
(0, 3, 6)	1	0	215166	499047	20	19
(3, 0, 6)	2	0	688395	250631	28	28
(0, 4, 6)	1	0	361051	600127	22	21
(4, 0, 6)	2	0	635577	273149	25	25
(0, 5, 6)	1	0	102853	204418	16	15
(5, 0, 6)	2	1	452060	171769	15	15
(0, 6, 6)	1	0	180359	237689	22	21
(6, 0, 6)	2	0	347041	165804	17	17
(0, 7, 6)	1	0	142348	552533	18	17
(7, 0, 6)	2	0	736794	235220	17	17
(0, 8, 6)	2	0	675666	422119	29	29
(8, 0, 6)	2	0	793422	460982	38	38
(0, 9, 6)	1	0	114791	275882	14	13
(9, 0, 6)	2	0	615731	217565	24	24
(0, 10, 6)	2	0	677776	629043	37	37
(10, 0, 6)	2	0	431444	383886	23	23
(1, 2, 6)	2	0	430712	158358	27	27
(2, 1, 6)	2	1	384945	659469	32	32
(1, 3, 6)	1	0	364529	465851	21	20
(3, 1, 6)	1	0	503555	473190	26	25
(1, 4, 6)	2	0	604967	628161	29	29
(4, 1, 6)	2	1	619936	394699	21	21
(1, 5, 6)	2	0	345160	542336	22	22
(5, 1, 6)	2	0	660597	348433	24	24
(1, 6, 6)	1	0	208353	181382	11	10
(6, 1, 6)	2	0	290578	202093	12	12
(1, 7, 6)	1	0	227123	689850	21	20
(7, 1, 6)	2	1	808109	456761	17	17
(1, 8, 6)	2	0	436288	190991	25	25
(8, 1, 6)	1	0	236937	241176	17	16
(1, 9, 6)	1	0	320577	480803	18	17
(9, 1, 6)	2	0	663101	474025	23	23
(1, 10, 6)	2	1	805108	629517	40	40
(10, 1, 6)	1	0	511731	429417	31	30
(2, 3, 6)	1	0	184266	689382	30	29
(3, 2, 6)	2	0	738921	208896	27	27
(2, 4, 6)	1	0	197118	622922	22	21
(4, 2, 6)	2	0	627375	174746	23	23
(2, 5, 6)	2	0	172313	588660	15	15
(5, 2, 6)	1	0	676415	199282	19	18
(2, 6, 6)	1	0	89277	189022	11	10
(6, 2, 6)	2	0	303809	124076	15	15
(2, 7, 6)	1	0	99560	742231	19	18
(7, 2, 6)	2	0	835911	151395	22	22
(2, 8, 6)	2	0	204039	175073	17	17
(8, 2, 6)	1	0	582641	316512	30	29
(2, 9, 6)	2	0	392713	640014	32	32
(9, 2, 6)	2	0	419235	106410	16	16
(2, 10, 6)	2	0	398686	725453	36	36
(10, 2, 6)	1	0	438880	245065	26	25
(3, 4, 6)	1	0	776860	759875	32	31
(4, 3, 6)	2	0	541485	420323	15	15
(3, 5, 6)	1	0	578560	583570	26	25
(5, 3, 6)	2	0	383080	194640	15	15
(3, 6, 6)	1	0	326058	192785	11	10
(6, 3, 6)	2	0	285134	303016	19	19
(3, 7, 6)	1	0	847391	953777	38	37
(7, 3, 6)	2	0	896300	661641	30	30
(3, 8, 6)	2	0	648451	212698	21	21
(8, 3, 6)	1	0	236264	282385	15	14
(3, 9, 6)	2	0	847508	874944	42	42
(9, 3, 6)	2	1	536142	355792	18	18
(3, 10, 6)	1	0	200451	86212	14	13
(10, 3, 6)	2	0	464304	457578	25	25
(4, 5, 6)	1	0	481862	477168	19	18
(5, 4, 6)	2	0	922304	890942	45	45
(4, 6, 6)	1	0	292712	189584	11	10
(6, 4, 6)	1	0	267043	544821	24	23
(4, 7, 6)	1	0	369264	529583	12	11
(7, 4, 6)	2	0	690018	533542	20	20
(4, 8, 6)	2	0	578901	153529	19	19
(8, 4, 6)	1	0	173021	226036	11	10
(4, 9, 6)	1	0	813048	820784	41	40
(9, 4, 6)	2	1	445921	518121	17	17
(4, 10, 6)	2	0	645583	295692	28	28
(10, 4, 6)	2	0	363646	536998	24	24
(5, 6, 6)	1	0	601620	362006	18	17
(6, 5, 6)	2	0	323953	520800	20	20
(5, 7, 6)	1	0	887155	880162	35	34
(7, 5, 6)	2	0	833377	689392	21	21
(5, 8, 6)	2	1	359041	151620	8	8
(8, 5, 6)	1	0	165559	313974	16	15
(5, 9, 6)	2	0	690234	661730	24	24
(9, 5, 6)	2	1	425343	506315	15	15
(5, 10, 6)	2	0	500815	253344	19	19
(10, 5, 6)	2	0	470563	716695	25	25
(6, 7, 6)	1	0	308342	657271	17	16
(7, 6, 6)	2	0	813003	406182	27	27
(6, 8, 6)	2	0	339348	190153	20	20
(8, 6, 6)	1	0	149927	192455	12	11
(6, 9, 6)	2	0	289806	235810	20	20
(9, 6, 6)	1	0	297615	176758	13	12
(6, 10, 6)	2	0	286079	200632	18	18
(10, 6, 6)	1	0	292148	327992	17	16
(7, 8, 6)	2	0	801602	189962	22	22
(8, 7, 6)	1	0	439954	789685	21	20
(7, 9, 6)	2	0	918571	678236	26	26
(9, 7, 6)	1	0	295779	627665	18	17
(7, 10, 6)	2	0	673369	286850	15	15
(10, 7, 6)	1	0	217088	542408	18	17
(8, 9, 6)	1	0	218796	321295	18	17
(9, 8, 6)	2	0	502411	89352	19	19
(8, 10, 6)	1	0	245361	224997	16	15
(10, 8, 6)	2	0	215104	118026	19	19
(9, 10, 6)	2	1	408507	312779	16	16
(10, 9, 6)	1	0	499354	563508	24	23
(0, 1, 7)	1	0	426268	595173	35	34
(1, 0, 7)	2	0	428748	202875	27	27
(0, 2, 7)	1	0	255235	306435	31	30
(2, 0, 7)	1	0	145379	250845	16	15
(0, 3, 7)	1	0	323510	589704	22	21
(3, 0, 7)	2	0	732183	332992	23	23
(0, 4, 7)	1	1	396502	703064	32	31
(4, 0, 7)	2	0	716650	278607	26	26
(0, 5, 7)	1	1	349072	660109	23	22
(5, 0, 7)	2	0	391701	123262	14	14
(0, 6, 7)	1	0	150419	269472	22	21
(6, 0, 7)	2	0	358799	131779	18	18
(0, 7, 7)	1	0	218179	759032	19	18
(7, 0, 7)	0	0	989146	996914	98	97
(0, 8, 7)	1	0	572672	846231	36	35
(8, 0, 7)	2	0	863879	530599	42	42
(0, 9, 7)	1	1	53152	167759	8	7
(9, 0, 7)	2	0	644340	246626	26	26
(0, 10, 7)	2	0	797475	758148	44	44
(10, 0, 7)	0	0	995273	994142	98	97
(1, 2, 7)	2	0	644090	272611	34	34
(2, 1, 7)	1	0	258911	609075	33	32
(1, 3, 7)	1	0	439046	541691	23	22
(3, 1, 7)	1	1	644462	415668	24	23
(1, 4, 7)	1	1	716535	794495	34	33
(4, 1, 7)	2	0	646350	342349	19	19
(1, 5, 7)	1	1	585981	610574	21	20
(5, 1, 7)	2	0	654055	296361	24	24
(1, 6, 7)	1	0	342464	294290	17	16
(6, 1, 7)	2	0	666898	857502	51	51
(1, 7, 7)	1	0	227732	566680	12	11
(7, 1, 7)	1	0	918586	700536	45	44
(1, 8, 7)	2	0	454756	187883	25	25
(8, 1, 7)	1	0	345342	467253	26	25
(1, 9, 7)	1	1	145260	167715	8	7
(9, 1, 7)	2	0	878011	674225	44	44
(1, 10, 7)	2	0	336132	401589	20	20
(10, 1, 7)	1	0	440379	546780	28	27
(2, 3, 7)	1	0	428263	929634	48	47
(3, 2, 7)	2	0	698919	154766	21	21
(2, 4, 7)	1	0	111119	423381	11	10
(4, 2, 7)	2	0	928832	319100	37	37
(2, 5, 7)	1	1	145524	547460	17	16
(5, 2, 7)	2	0	590428	124170	21	21
(2, 6, 7)	1	0	226866	367946	25	24
(6, 2, 7)	2	0	383262	140660	16	16
(2, 7, 7)	1	0	127073	776402	17	16
(7, 2, 7)	2	0	899060	306433	29	29
(2, 8, 7)	2	0	192058	167996	17	17
(8, 2, 7)	1	0	401122	279991	27	26
(2, 9, 7)	1	0	196979	659364	27	26
(9, 2, 7)	0	0	959069	776107	98	97
(2, 10, 7)	2	0	274149	470767	23	23
(10, 2, 7)	1	0	660234	368472	38	37
(3, 4, 7)	2	0	649217	509524	22	22
(4, 3, 7)	2	0	611655	436760	18	18
(3, 5, 7)	2	0	774728	751822	26	26
(5, 3, 7)	2	0	928530	883776	48	48
(3, 6, 7)	1	1	434814	271340	15	14
(6, 3, 7)	2	0	535018	787633	35	35
(3, 7, 7)	1	0	248049	519075	15	14
(7, 3, 7)	1	1	986333	982917	55	54
(3, 8, 7)	2	0	523225	194760	20	20
(8, 3, 7)	1	0	393589	623615	23	22
(3, 9, 7)	1	1	194012	167739	8	7
(9, 3, 7)	2	0	901176	842158	43	43
(3, 10, 7)	1	0	322837	398020	14	13
(10, 3, 7)	2	0	529180	793239	34	34
(4, 5, 7)	2	0	861642	703018	27	27
(5, 4, 7)	1	0	913586	892613	40	39
(4, 6, 7)	1	0	660236	490145	25	24
(6, 4, 7)	2	0	405691	575793	28	28
(4, 7, 7)	1	0	392135	591634	17	16
(7, 4, 7)	2	0	914446	674714	34	34
(4, 8, 7)	2	0	625057	361788	23	23
(8, 4, 7)	1	0	391559	618421	27	26
(4, 9, 7)	1	1	355275	167758	8	7
(9, 4, 7)	1	0	828481	754915	30	29
(4, 10, 7)	2	0	830152	569949	33	33
(10, 4, 7)	1	0	535626	697377	34	33
(5, 6, 7)	1	0	668035	394404	23	22
(6, 5, 7)	1	1	507533	635218	21	20
(5, 7, 7)	1	0	538086	557177	14	13
(7, 5, 7)	2	0	800885	770643	23	23
(5, 8, 7)	2	0	492910	179059	18	18
(8, 5, 7)	1	0	385809	678265	27	26
(5, 9, 7)	1	1	365306	167725	8	7
(9, 5, 7)	1	0	837417	812442	41	40
(5, 10, 7)	2	0	706000	516109	27	27
(10, 5, 7)	1	1	587915	719564	20	19
(6, 7, 7)	2	0	508429	852333	33	33
(7, 6, 7)	1	1	614684	467216	23	22
(6, 8, 7)	2	0	427495	146086	19	19
(8, 6, 7)	1	0	262063	446000	26	25
(6, 9, 7)	1	1	96154	168081	9	8
(9, 6, 7)	1	0	462320	366388	20	19
(6, 10, 7)	2	0	318179	402785	23	23
(10, 6, 7)	1	0	365978	290601	24	23
(7, 8, 7)	2	0	558597	215099	18	18
(8, 7, 7)	1	0	220089	589924	13	12
(7, 9, 7)	2	0	971368	900901	43	43
(9, 7, 7)	1	1	733134	859749	19	18
(7, 10, 7)	2	0	752864	349095	25	25
(10, 7, 7)	1	1	287946	595595	13	12
(8, 9, 7)	1	0	206045	389711	18	17
(9, 8, 7)	2	0	578578	322016	24	24
(8, 10, 7)	1	1	352592	271324	14	13
(10, 8, 7)	2	0	257151	104328	14	14
(9, 10, 7)	2	3	357793	431687	12	11
(10, 9, 7)	1	3	240981	292345	9	9
(0, 1, 8)	1	0	422113	566530	34	33
(1, 0, 8)	2	0	424443	289142	22	22
(0, 2, 8)	1	0	327756	204614	17	16
(2, 0, 8)	2	0	434533	674924	40	40
(0, 3, 8)	1	0	243905	396601	24	23
(3, 0, 8)	2	0	806094	551238	40	40
(0, 4, 8)	1	0	112833	325417	11	10
(4, 0, 8)	2	0	573390	247955	27	27
(0, 5, 8)	1	0	316335	495022	28	27
(5, 0, 8)	2	0	605475	212886	21	21
(0, 6, 8)	1	0	262621	322743	22	21
(6, 0, 8)	2	0	136577	41397	13	13
(0, 7, 8)	1	0	144859	563107	10	9
(7, 0, 8)	2	0	723748	281061	17	17
(0, 8, 8)	2	0	697656	562126	33	33
(8, 0, 8)	0	0	990063	972241	98	97
(0, 9, 8)	1	0	156269	358172	16	15
(9, 0, 8)	2	0	242862	39026	14	14
(0, 10, 8)	2	0	431635	384728	24	24
(10, 0, 8)	2	0	330680	288329	21	21
(1, 2, 8)	1	0	421570	220482	19	18
(2, 1, 8)	1	0	90187	239006	21	20
(1, 3, 8)	1	1	663387	736029	39	38
(3, 1, 8)	1	0	795490	766762	40	39
(1, 4, 8)	1	0	177420	326830	11	10
(4, 1, 8)	2	0	548195	262708	20	20
(1, 5, 8)	1	1	412480	544789	20	19
(5, 1, 8)	2	0	597504	421019	24	24
(1, 6, 8)	1	0	98259	100505	8	7
(6, 1, 8)	2	0	369287	345844	22	22
(1, 7, 8)	1	0	229052	515580	10	9
(7, 1, 8)	0	0	986298	996098	98	97
(1, 8, 8)	2	0	492940	404683	32	32
(8, 1, 8)	1	0	365896	515500	28	27
(1, 9, 8)	1	1	183146	268229	10	9
(9, 1, 8)	2	0	708522	460508	23	23
(1, 10, 8)	2	0	506686	401493	27	27
(10, 1, 8)	1	1	355459	550710	24	23
(2, 3, 8)	1	0	347768	816763	34	33
(3, 2, 8)	1	0	755338	427052	32	31
(2, 4, 8)	1	0	107543	406695	11	10
(4, 2, 8)	1	0	751515	348553	33	32
(2, 5, 8)	1	0	226926	610923	26	25
(5, 2, 8)	2	0	450186	90401	17	17
(2, 6, 8)	1	0	77085	156284	13	12
(6, 2, 8)	2	0	322692	191343	18	18
(2, 7, 8)	1	0	69738	505689	13	12
(7, 2, 8)	1	0	943101	661177	56	55
(2, 8, 8)	2	0	367983	511217	36	36
(8, 2, 8)	1	0	314281	270736	23	22
(2, 9, 8)	1	1	261705	652560	21	20
(9, 2, 8)	2	0	897716	421174	35	35
(2, 10, 8)	1	0	89794	179804	18	17
(10, 2, 8)	1	0	732491	296447	27	26
(3, 4, 8)	1	0	367093	511072	12	11
(4, 3, 8)	2	0	857537	740132	35	35
(3, 5, 8)	1	1	270548	281465	12	11
(5, 3, 8)	1	0	488804	298280	13	12
(3, 6, 8)	1	0	590008	464269	29	28
(6, 3, 8)	2	0	418601	517319	22	22
(3, 7, 8)	1	0	266770	530625	10	9
(7, 3, 8)	2	0	794821	596987	21	21
(3, 8, 8)	2	0	553075	183740	27	27
(8, 3, 8)	1	1	217202	426228	15	14
(3, 9, 8)	1	0	546447	702868	28	27
(9, 3, 8)	1	0	231030	261485	15	14
(3, 10, 8)	2	0	704770	584215	34	34
(10, 3, 8)	2	0	152155	253328	15	15
(4, 5, 8)	1	0	933648	940517	55	54
(5, 4, 8)	2	0	721054	616298	27	27
(4, 6, 8)	2	0	253326	195302	12	12
(6, 4, 8)	1	1	296936	408426	14	13
(4, 7, 8)	1	0	413176	514212	10	9
(7, 4, 8)	2	0	629201	525640	17	17
(4, 8, 8)	2	0	624845	183004	15	15
(8, 4, 8)	1	0	370098	679362	22	21
(4, 9, 8)	1	1	523740	430845	16	15
(9, 4, 8)	2	0	342802	484412	16	16
(4, 10, 8)	2	0	625845	194196	15	15
(10, 4, 8)	1	0	584301	621972	26	25
(5, 6, 8)	1	1	524207	225823	11	10
(6, 5, 8)	2	0	332962	679177	21	21
(5, 7, 8)	1	0	829057	893107	27	26
(7, 5, 8)	1	0	923606	884856	38	37
(5, 8, 8)	2	0	399430	432686	19	19
(8, 5, 8)	1	1	113012	408016	14	13
(5, 9, 8)	1	0	485359	232594	21	20
(9, 5, 8)	1	0	783494	816054	40	39
(5, 10, 8)	2	0	454721	186877	17	17
(10, 5, 8)	1	0	245000	488359	19	18
(6, 7, 8)	2	0	511559	612635	20	20
(7, 6, 8)	1	3	930559	863763	83	83
(6, 8, 8)	2	0	136184	82061	12	12
(8, 6, 8)	1	0	319821	305645	23	22
(6, 9, 8)	2	0	317811	334908	19	19
(9, 6, 8)	1	4	830670	502408	23	22
(6, 10, 8)	2	0	297378	149306	18	18
(10, 6, 8)	1	1	90963	185201	9	8
(7, 8, 8)	2	0	552655	94022	13	13
(8, 7, 8)	1	0	140700	606466	15	14
(7, 9, 8)	2	0	954114	905017	46	46
(9, 7, 8)	1	0	895320	966897	36	35
(7, 10, 8)	2	0	824839	403732	23	23
(10, 7, 8)	1	0	109370	532843	12	11
(8, 9, 8)	1	1	266203	451720	17	16
(9, 8, 8)	2	0	243106	81814	14	14
(8, 10, 8)	1	0	280533	473206	31	30
(10, 8, 8)	1	0	502455	687828	34	33
(9, 10, 8)	2	0	322601	161735	14	14
(10, 9, 8)	2	0	172359	304602	25	25
(0, 1, 9)	1	0	312257	250844	16	15
(1, 0, 9)	2	0	361880	281023	32	32
(0, 2, 9)	1	0	135569	155641	17	16
(2, 0, 9)	2	0	177579	270989	16	16
(0, 3, 9)	1	0	205209	473516	22	21
(3, 0, 9)	2	1	707422	214069	27	27
(0, 4, 9)	1	0	165519	286527	18	17
(4, 0, 9)	2	0	542739	217944	19	19
(0, 5, 9)	1	0	123371	291437	15	14
(5, 0, 9)	2	1	768514	382261	25	25
(0, 6, 9)	1	0	145011	241435	20	19
(6, 0, 9)	2	0	369893	133253	19	19
(0, 7, 9)	1	0	68791	392366	13	12
(7, 0, 9)	2	0	644751	177462	16	16
(0, 8, 9)	2	0	506490	468308	26	26
(8, 0, 9)	1	0	96073	123129	14	13
(0, 9, 9)	1	0	161704	429055	18	17
(9, 0, 9)	2	1	416808	104376	12	12
(0, 10, 9)	1	0	350272	540510	24	23
(10, 0, 9)	2	1	129299	32061	17	17
(1, 2, 9)	1	0	74451	67256	9	8
(2, 1, 9)	2	0	156819	178422	16	16
(1, 3, 9)	1	0	221969	333388	16	15
(3, 1, 9)	2	0	707422	390432	21	21
(1, 4, 9)	1	0	281011	514391	16	15
(4, 1, 9)	2	0	426501	227331	16	16
(1, 5, 9)	1	0	239324	316013	17	16
(5, 1, 9)	2	0	327178	148051	13	13
(1, 6, 9)	1	0	222164	212082	14	13
(6, 1, 9)	2	0	229270	288887	15	15
(1, 7, 9)	1	0	75719	493544	13	12
(7, 1, 9)	2	0	403668	103885	8	8
(1, 8, 9)	2	0	569985	457711	30	30
(8, 1, 9)	1	0	98215	251500	16	15
(1, 9, 9)	1	0	291685	355023	15	14
(9, 1, 9)	2	1	469159	456189	15	15
(1, 10, 9)	1	0	221555	193486	14	13
(10, 1, 9)	2	0	199303	98320	11	11
(2, 3, 9)	2	0	334745	616894	24	24
(3, 2, 9)	2	0	565089	182823	17	17
(2, 4, 9)	2	0	190277	568711	20	20
(4, 2, 9)	2	1	592117	193363	25	25
(2, 5, 9)	2	0	378976	841776	32	32
(5, 2, 9)	2	0	401335	99975	16	16
(2, 6, 9)	1	0	55941	187405	10	9
(6, 2, 9)	2	1	438488	196640	24	24
(2, 7, 9)	1	0	128410	693800	19	18
(7, 2, 9)	2	0	696310	55732	12	12
(2, 8, 9)	2	1	158305	91488	11	11
(8, 2, 9)	1	0	112709	114825	13	12
(2, 9, 9)	1	0	128859	317608	16	15
(9, 2, 9)	2	0	345874	110606	15	15
(2, 10, 9)	2	0	289561	614330	24	24
(10, 2, 9)	2	0	64183	17514	11	11
(3, 4, 9)	1	0	864356	943680	48	47
(4, 3, 9)	2	0	600966	501863	24	24
(3, 5, 9)	1	0	184975	280952	16	15
(5, 3, 9)	2	1	722079	500627	24	24
(3, 6, 9)	1	0	277526	196554	14	13
(6, 3, 9)	2	0	387534	561575	21	21
(3, 7, 9)	1	0	931263	973025	48	47
(7, 3, 9)	2	0	403947	94511	8	8
(3, 8, 9)	2	1	662780	303438	21	21
(8, 3, 9)	1	0	79813	360648	15	14
(3, 9, 9)	1	0	630922	803945	27	26
(9, 3, 9)	2	0	650928	462445	20	20
(3, 10, 9)	1	0	445230	265603	24	23
(10, 3, 9)	2	0	242032	324441	19	19
(4, 5, 9)	2	1	593085	646289	19	19
(5, 4, 9)	2	0	376659	415829	13	13
(4, 6, 9)	1	0	766355	455029	36	35
(6, 4, 9)	2	1	357359	462016	18	18
(4, 7, 9)	1	0	414237	642857	12	11
(7, 4, 9)	2	0	363119	223932	8	8
(4, 8, 9)	2	0	551600	213180	19	19
(8, 4, 9)	1	0	178805	389202	16	15
(4, 9, 9)	1	0	417029	549903	21	20
(9, 4, 9)	1	0	603413	649846	22	21
(4, 10, 9)	2	0	583246	482392	20	20
(10, 4, 9)	2	0	179556	341150	14	14
(5, 6, 9)	1	0	524589	278403	14	13
(6, 5, 9)	2	0	286087	466278	18	18
(5, 7, 9)	1	0	825117	909810	34	33
(7, 5, 9)	1	0	394227	329061	14	13
(5, 8, 9)	2	0	679901	301343	25	25
(8, 5, 9)	1	0	118740	434866	18	17
(5, 9, 9)	2	0	357796	288323	15	15
(9, 5, 9)	1	0	351959	649144	23	22
(5, 10, 9)	2	0	486180	243874	19	19
(10, 5, 9)	1	0	82083	319072	17	16
(6, 7, 9)	2	0	476179	866090	26	26
(7, 6, 9)	2	1	509391	154825	9	9
(6, 8, 9)	2	0	311753	103433	21	21
(8, 6, 9)	1	0	97074	137539	10	9
(6, 9, 9)	2	0	292542	304385	17	17
(9, 6, 9)	2	1	300045	189874	12	12
(6, 10, 9)	2	0	319363	266267	18	18
(10, 6, 9)	1	0	184542	139426	20	19
(7, 8, 9)	2	0	488728	69733	14	14
(8, 7, 9)	1	0	59913	665383	14	13
(7, 9, 9)	2	0	375279	167712	9	9
(9, 7, 9)	0	0	960468	992591	96	96
(7, 10, 9)	2	0	643432	160670	14	14
(10, 7, 9)	1	0	195854	568800	15	14
(8, 9, 9)	1	0	58450	236814	14	13
(9, 8, 9)	2	1	418150	121656	12	12
(8, 10, 9)	1	0	54322	74261	13	12
(10, 8, 9)	2	0	184491	93010	14	14
(9, 10, 9)	2	0	525936	309389	18	18
(10, 9, 9)	2	0	163104	113999	15	15
(0, 1, 10)	1	0	536571	682513	43	42
(1, 0, 10)	2	0	311493	174213	17	17
(0, 2, 10)	1	0	398637	231665	21	20
(2, 0, 10)	2	0	170991	141896	16	16
(0, 3, 10)	1	0	488301	832571	33	32
(3, 0, 10)	2	0	154450	86138	8	8
(0, 4, 10)	1	0	46302	257873	10	9
(4, 0, 10)	2	0	210135	6933	8	8
(0, 5, 10)	1	0	119658	256729	12	11
(5, 0, 10)	2	0	194876	35421	15	15
(0, 6, 10)	1	0	281527	197906	16	15
(6, 0, 10)	2	0	327386	215497	22	22
(0, 7, 10)	1	0	152626	576801	15	14
(7, 0, 10)	2	0	699353	71896	20	20
(0, 8, 10)	2	0	282026	57603	14	14
(8, 0, 10)	2	0	258166	44251	16	16
(0, 9, 10)	1	1	153023	403552	16	15
(9, 0, 10)	2	0	259998	120499	15	15
(0, 10, 10)	1	0	58133	92723	13	12
(10, 0, 10)	2	0	77507	49884	15	15
(1, 2, 10)	1	1	161261	88131	8	7
(2, 1, 10)	1	0	168630	200294	22	21
(1, 3, 10)	2	0	312535	216194	16	16
(3, 1, 10)	2	0	153699	145101	8	8
(1, 4, 10)	1	0	113843	195113	8	7
(4, 1, 10)	2	0	209443	35501	10	10
(1, 5, 10)	1	0	81593	159264	9	8
(5, 1, 10)	2	0	175350	49563	12	12
(1, 6, 10)	2	0	364830	235785	19	19
(6, 1, 10)	2	0	191304	60989	10	10
(1, 7, 10)	1	0	81749	47122	9	8
(7, 1, 10)	2	0	915110	405229	30	30
(1, 8, 10)	2	0	150665	51055	14	14
(8, 1, 10)	1	0	493438	471035	32	31
(1, 9, 10)	1	0	305620	296005	24	23
(9, 1, 10)	2	0	194312	104319	11	11
(1, 10, 10)	2	0	323215	236136	17	17
(10, 1, 10)	2	0	99767	59407	12	12
(2, 3, 10)	2	0	167173	414361	15	15
(3, 2, 10)	2	0	496025	214994	26	26
(2, 4, 10)	1	0	56027	193676	8	7
(4, 2, 10)	2	0	209720	811	12	12
(2, 5, 10)	1	0	55923	159779	9	8
(5, 2, 10)	2	0	178875	18607	9	9
(2, 6, 10)	1	0	166402	273940	20	19
(6, 2, 10)	1	1	107272	88053	8	7
(2, 7, 10)	1	0	55919	47025	9	8
(7, 2, 10)	2	0	689885	112134	14	14
(2, 8, 10)	2	0	171658	84395	16	16
(8, 2, 10)	1	1	195412	146778	10	9
(2, 9, 10)	1	0	231060	227450	30	29
(9, 2, 10)	1	0	219950	166657	16	15
(2, 10, 10)	2	0	197209	246704	16	16
(10, 2, 10)	1	0	455515	250213	24	23
(3, 4, 10)	1	0	207147	301364	11	10
(4, 3, 10)	2	0	209583	14816	10	10
(3, 5, 10)	1	0	279135	516149	14	13
(5, 3, 10)	2	0	185235	150343	12	12
(3, 6, 10)	1	0	342296	211247	15	14
(6, 3, 10)	2	0	297809	389016	18	18
(3, 7, 10)	1	0	264477	606348	16	15
(7, 3, 10)	2	0	714611	357015	15	15
(3, 8, 10)	2	0	431812	57452	12	12
(8, 3, 10)	1	0	687850	770453	37	36
(3, 9, 10)	2	0	653413	467279	22	22
(9, 3, 10)	2	0	294999	331883	13	13
(3, 10, 10)	1	0	167102	94974	13	12
(10, 3, 10)	2	0	77020	92988	10	10
(4, 5, 10)	2	0	364470	456358	12	12
(5, 4, 10)	2	0	286617	293093	18	18
(4, 6, 10)	2	0	210055	46576	8	8
(6, 4, 10)	2	0	216502	337761	20	20
(4, 7, 10)	1	0	273714	146	14	13
(7, 4, 10)	1	0	894910	786336	38	37
(4, 8, 10)	2	0	209630	1743	10	10
(8, 4, 10)	1	0	170187	300396	11	10
(4, 9, 10)	1	0	245534	1708	13	12
(9, 4, 10)	2	0	462743	436713	17	17
(4, 10, 10)	2	0	222081	65312	10	10
(10, 4, 10)	1	0	100348	193939	8	7
(5, 6, 10)	2	0	172301	98938	12	12
(6, 5, 10)	1	0	106446	157135	11	10
(5, 7, 10)	2	0	718089	815774	26	26
(7, 5, 10)	2	0	601348	419020	10	10
(5, 8, 10)	2	0	179972	16128	9	9
(8, 5, 10)	1	0	188683	369880	13	12
(5, 9, 10)	2	0	186534	52448	18	18
(9, 5, 10)	2	0	234972	491813	15	15
(5, 10, 10)	2	0	179561	34708	9	9
(10, 5, 10)	1	0	94344	158068	9	8
(6, 7, 10)	1	0	107034	47291	9	8
(7, 6, 10)	1	4	837712	375984	20	19
(6, 8, 10)	2	4	201223	70923	7	7
(8, 6, 10)	2	0	293225	192968	16	16
(6, 9, 10)	2	0	365685	353641	15	15
(9, 6, 10)	1	0	200254	146660	12	11
(6, 10, 10)	2	0	352899	332658	17	17
(10, 6, 10)	1	0	299919	264337	18	17
(7, 8, 10)	2	0	635290	60803	11	11
(8, 7, 10)	1	0	164843	593229	12	11
(7, 9, 10)	1	0	965233	887320	46	45
(9, 7, 10)	1	0	470976	715714	18	17
(7, 10, 10)	2	0	631853	216651	17	17
(10, 7, 10)	1	0	95672	47340	10	9
(8, 9, 10)	1	0	166929	332287	15	14
(9, 8, 10)	2	0	292831	75691	16	16
(8, 10, 10)	1	0	147599	102970	10	9
(10, 8, 10)	2	0	99301	50965	10	10
(9, 10, 10)	1	0	100654	95958	16	15
(10, 9, 10)	2	0	106669	64809	13	13
(0, 1, 11)	2	0	125353	92056	11	11
(1, 0, 11)	2	0	327219	137503	18	18
(0, 2, 11)	1	1	521649	369950	36	35
(2, 0, 11)	2	0	169124	148299	15	15
(0, 3, 11)	1	1	356874	601181	18	17
(3, 0, 11)	2	0	270162	61557	19	19
(0, 4, 11)	1	0	366998	665118	23	22
(4, 0, 11)	2	0	389938	62282	9	9
(0, 5, 11)	1	0	180004	310039	12	11
(5, 0, 11)	2	0	333616	67696	17	17
(0, 6, 11)	1	1	167373	94578	10	9
(6, 0, 11)	2	0	101306	40730	8	8
(0, 7, 11)	1	0	165986	482545	10	9
(7, 0, 11)	2	0	507018	56525	19	19
(0, 8, 11)	2	0	149799	66122	14	14
(8, 0, 11)	2	0	358761	396706	29	29
(0, 9, 11)	1	0	309705	324001	19	18
(9, 0, 11)	2	0	150943	87532	16	16
(0, 10, 11)	1	0	173330	254018	22	21
(10, 0, 11)	2	0	137130	78711	10	10
(1, 2, 11)	1	0	628231	367507	33	32
(2, 1, 11)	1	0	147281	217597	17	16
(1, 3, 11)	2	0	299443	341397	22	22
(3, 1, 11)	1	1	109654	138241	9	8
(1, 4, 11)	1	0	256459	468585	14	13
(4, 1, 11)	2	0	372552	83691	10	10
(1, 5, 11)	1	1	120128	377081	13	12
(5, 1, 11)	2	0	168801	48112	13	13
(1, 6, 11)	1	1	465692	464522	26	25
(6, 1, 11)	2	0	100902	51134	8	8
(1, 7, 11)	1	0	237945	473535	11	10
(7, 1, 11)	2	0	755380	140020	16	16
(1, 8, 11)	2	0	180453	47143	15	15
(8, 1, 11)	1	1	239161	130141	7	6
(1, 9, 11)	1	0	217723	292312	16	15
(9, 1, 11)	2	0	200672	99504	13	13
(1, 10, 11)	1	1	321476	228234	19	18
(10, 1, 11)	1	1	103199	137826	10	9
(2, 3, 11)	2	0	82624	123811	9	9
(3, 2, 11)	2	0	263371	21375	12	12
(2, 4, 11)	1	1	219536	598067	20	19
(4, 2, 11)	2	0	233953	17793	15	15
(2, 5, 11)	1	0	58411	344221	17	16
(5, 2, 11)	2	0	157779	36995	11	11
(2, 6, 11)	1	1	36586	111561	8	7
(6, 2, 11)	2	0	165542	20541	11	11
(2, 7, 11)	1	0	18367	412180	11	10
(7, 2, 11)	2	0	833203	198123	21	21
(2, 8, 11)	2	0	142051	68941	16	16
(8, 2, 11)	1	0	375436	246943	24	23
(2, 9, 11)	2	0	85316	84729	19	19
(9, 2, 11)	2	0	202457	40572	11	11
(2, 10, 11)	1	0	75447	142948	14	13
(10, 2, 11)	1	0	526227	351605	36	35
(3, 4, 11)	2	0	302867	301113	13	13
(4, 3, 11)	2	0	340888	90523	11	11
(3, 5, 11)	1	1	191836	357379	14	13
(5, 3, 11)	2	0	262814	244778	14	14
(3, 6, 11)	2	0	386854	296278	20	20
(6, 3, 11)	2	0	149319	88772	10	10
(3, 7, 11)	1	0	401442	527859	13	12
(7, 3, 11)	2	0	555985	144121	14	14
(3, 8, 11)	2	0	235330	36772	10	10
(8, 3, 11)	1	1	439196	751137	31	30
(3, 9, 11)	1	1	128611	231798	9	8
(9, 3, 11)	2	0	262427	202260	12	12
(3, 10, 11)	2	0	412834	385611	20	20
(10, 3, 11)	1	1	394504	661175	20	19
(4, 5, 11)	2	0	517250	426613	18	18
(5, 4, 11)	2	0	167162	50342	14	14
(4, 6, 11)	2	0	432932	102481	11	11
(6, 4, 11)	2	0	104448	279036	10	10
(4, 7, 11)	1	0	415537	616825	12	11
(7, 4, 11)	2	0	748774	553101	22	22
(4, 8, 11)	2	0	234233	22358	9	9
(8, 4, 11)	1	1	170557	438379	14	13
(4, 9, 11)	2	0	234466	42990	9	9
(9, 4, 11)	2	0	203275	252527	11	11
(4, 10, 11)	2	0	323097	60663	10	10
(10, 4, 11)	1	0	359700	601230	22	21
(5, 6, 11)	2	0	210163	104042	13	13
(6, 5, 11)	1	0	165714	425275	19	18
(5, 7, 11)	2	0	354680	112555	16	16
(7, 5, 11)	2	0	610441	446374	12	12
(5, 8, 11)	2	0	194426	31361	13	13
(8, 5, 11)	1	0	339002	659124	22	21
(5, 9, 11)	2	0	159782	43177	21	21
(9, 5, 11)	1	0	234086	321256	11	10
(5, 10, 11)	2	0	285975	119334	15	15
(10, 5, 11)	1	1	136119	358367	14	13
(6, 7, 11)	1	0	189582	599187	22	21
(7, 6, 11)	2	0	720792	259798	15	15
(6, 8, 11)	2	0	196958	42408	10	10
(8, 6, 11)	1	0	212832	112719	10	9
(6, 9, 11)	2	0	193283	243762	13	13
(9, 6, 11)	1	1	157181	137392	7	6
(6, 10, 11)	2	0	104451	125524	9	9
(10, 6, 11)	1	0	276501	249160	18	17
(7, 8, 11)	2	0	481474	64690	10	10
(8, 7, 11)	1	0	177949	510540	14	13
(7, 9, 11)	1	0	687542	610561	30	29
(9, 7, 11)	1	0	518539	876628	28	27
(7, 10, 11)	2	0	666437	241750	17	17
(10, 7, 11)	1	0	323647	469789	11	10
(8, 9, 11)	1	1	167306	140417	8	7
(9, 8, 11)	2	0	266376	27983	12	12
(8, 10, 11)	1	0	567601	474683	34	33
(10, 8, 11)	2	0	241821	118676	18	18
(9, 10, 11)	2	0	203885	75668	11	11
(10, 9, 11)	1	1	103338	231287	9	8
